((0, 0, 0, 0, 0, 0, 0, 1, 0, 0, 0, 0, 0, 3, 1, 1, 1, 1, 3), 'RIGHT'):0.0
((1, 0, 0, 0, 0, 0, 0, 0, 0, 1, 1, 1, 0, 3, 1, 1, 0, 0, 3), 'UP'):0.0
((1, 0, 0, 0, 0, 0, 0, 1, 0, 0, 0, 0, 0, 0, 0, 0, 0, 0, 0), 'UP'):-995.851
((0, 0, 0, -1, 0, 0, 1, 0, 1, 0, 0, 0, 0, 0, 1, 0), 'UP'):0.0
((0, 0, 0, 0, 0, 0, 0, 1, 0, 1, 1, 0, 1, 0, 0, 0, 0, 0, 0), 'RIGHT'):0.0
((0, 1, 0, 1, 0, 0, 0, 0, 0, 0, 0, 0, 0, 0, 0, 0, 0, 1, 0), 'STAY'):0.0
((0, -1, 0, 0, 1, 1, 1, 0, 0, 0, 1, 0, 0, 0, 0, 0), 'RIGHT'):0.0
((0.5, 1, -1, 1, 0, 0, 0, 1, 0, 1, 1, 0, 1, 0), 'UP'):-1000.0
((0, 0, 0, 0, 0, 0, 0, 0, 3, 1, 1, 0, 0, 3, 0, 0, 0, 0, 0), 'DOWN'):0.0
((0, 0, 0, -1, 0, 0, 1, 0, 1, 1, 1, 3, 0, 0, 1, 3), 'STAY'):0.0
((0, -1, -1, -1, 0, 0, 0, 0, 0), 'STAY'):0.0
((0, 0, 0, 0, 0, 0, 0, 1, 0, 0, 0, 1, 0, 0, 0, 0, 0, 1, 0), 'RIGHT'):0.0
((0, 0, 0, -1, 0, 0, 1, 0, 1, 1, 1, 3, 0, 0, 1, 3), 'LEFT'):0.0
((0, 1, 0, 0, 0, 0, 0, 1, 0, 1, 0, 0, 1, 0, 0, 0, 0, 0, 0), 'LEFT'):0.0
((0, 0, 0, 0, 0, 0, 0, 1, 0, 1, 0, 0, 0, 0, 0.5, 0.5, 1, 0, 0), 'DOWN'):0.0
((0, 0.5, 0, -1, 0, 0, 0, 0, 0, 0, 0, 0, 0, 0, 0, 0), 'DOWN'):0.0
((1, 0, 0, 0, 0, 0, 0, 1, 0, 0, 0, 0, 1, 0, 1, 0, 0, 0, 0), 'DOWN'):0.0
((0, 0, 0, 0, 0, 0, 0, 0, 0, 1, 1, 1, 1, 3, 0.5, 0.5, 0.5, 0, 2), 'STAY'):0.0
((0, -1, 0, 0, 0, 0, 1, 0, 0, 1, 1, 0, 0, 0, 1, 0), 'STAY'):0.0
((1, 0.5, 0, 0.5, 0, 0, 0, 0, 0, 0, 0, 0, 0, 0, 0, 0, 0, 1, 0), 'STAY'):0.0
((0, 0.5, 0, -1, 0, 0, 0, 0, 0, 0, 0, 0, 0, 0, 0, 0), 'UP'):2.0
((0, 0, 0, 0, 0, 0, 0, 0, 3, 0, 1, 1, 0, 0, 0, 0, 0, 0, 0), 'DOWN'):0.0
((0, 0, 0, 0, 0, 0, 0, 1, 0, 0.5, 0.5, 0.5, 0, 0, 0, 0, 0, 1, 3), 'RIGHT'):0.0
((0, 0, 0, 0, 0, 0, 0, 0, 0, 0, 0, 0, 1, 0, 0, 0, 1, 1, 0), 'DOWN'):0.0
((0, 0, 0, 0, 0, 0, 0, 0, 0, 1, 0, 0, 0, 3, 0, 0, 0, 0, 3), 'UP'):3.71
((0, 0, 0, 0, 0, 0, 0, 0, 3, 0, 0, 0, 0, 3, 0, 0, 0, 0, 0), 'LEFT'):0.0
((1, 1, 0, 1, 0, 0, 0, 0, 3, 0, 0, 1, 0, 3, 0, 1, 1, 0, 0), 'UP'):2.0
((0, 0, 0, 0, 0, 0, 0, 1, 0, 1, 0, 0, 0, 3, 1, 1, 0, 1, 3), 'DOWN'):0.0
((1, 0, 0, 0, 0, 0, 0, 0, 0, 1, 0, 0, 0, 3, 1, 0, 0, 0, 3), 'STAY'):0.0
((0, 0, 1, 0, 0, 0, 0, 0, 0, 0, 0, 0, 1, 0, 0, 0, 0, 0, 0), 'DOWN'):0.0
((0, 0, 1, 0, 0, 0, 0, 0, 0, 0, 0, 0, 0, 0, 0, 0, 0, 0, 0), 'DOWN'):0.0
((0, 0, 0, 0, 1, 0, 0, 1, 0, 1, 0, 0, 0, 0, 0, 0, 0, 0, 0), 'LEFT'):0.0
((0, 0, 0, 0, 0, 0, 0, 1, 0, 0, 0, 0, 0, 0, 1, 0, 0, 1, 0), 'RIGHT'):0.0
((0, 1, 1, 1, 0, 0, 0, 0, 0, 0, 0, 0, 1, 0, 0, 1, 1, 1, 0), 'RIGHT'):0.0
((0, 0, 0, 0, 0, 0, 1, 0, 0, 0, 0, 0, 0, 0, 0, 0, 0, 1, 0), 'UP'):2.0
((0, 0, 0, 0, 0, 0, 0, 1, 0, 1, 1, 0, 0, 0, 0, 0, 0, 1, 0), 'UP'):0.0
((0, 0, 0, -1, 0, 0, 0, 0, 0, 0, 0, 0, 0, 0, 0, 0), 'LEFT'):0.0
((0, 0, 1, 1, 0, 0, 0, 1, 0, 0, 0, 0, 0, 0, 0, 0, 0, 0, 0), 'DOWN'):0.0
((0, 0, 0, -1, 0, 0, 1, 0, 0, 0, 1, 0, 0, 0, 1, 0), 'STAY'):3.42
((0, -1, 0, 0, 0, 0, 1, 0, 0, 0, 1, 0, 0, 1, 1, 0), 'STAY'):0.0
((0, 0, 0, 0, 1, 0, 0, 0, 0, 0, 0, 0, 0, 0, 0, 0, 0, 1, 0), 'LEFT'):0.0
((0, 0, 1, 0, 0, 0, 0, 1, 0, 0, 0, 0, 0, 0, 0, 0, 0, 0, 0), 'DOWN'):-988.0909525663499
((1, 1, 0, 0, 0, 0, 0, 1, 0, 0, 0, 0, 1, 0, 0, 0, 0, 1, 0), 'UP'):2.0
((1, 0, 0, 0, 0, 0, 0, 0, 0, 0, 0, 0, 1, 0, 0, 0, 1, 1, 0), 'LEFT'):0.0
((0, 0, 0, 0, 0, 0, 0, 0, 0, 0, 0, 0, 1, 0, 0, 0, 1, 1, 0), 'LEFT'):0.0
((0, 0, 0, -1, 0, 0, 0, 0, 0, 0, 0, 0, 1, 0, 0, 0), 'STAY'):0.0
((0, 0, 0, 0, 0, 0, 1, 1, 0, 0, 0, 0, 1, 0, 0, 0, 0, 0, 0), 'UP'):0.0
((0, 0, 0, 0, 0, 0, 0, 1, 0, 0, 0, 0, 0, 0, 0, 1, 1, 1, 0), 'STAY'):0.0
((0, 0, -1, 0, 1, 0, 0, 1, 3, 0, 0, 0, 0, 0), 'RIGHT'):1.0
((1, -1, -1, -1, 0, 0, 0, 0, 0), 'DOWN'):0.0
((0, 0, 0, 0, 0, 0, 0, 0, 0, 0, 0, 1, 0, 0, 0, 0, 0, 1, 0), 'LEFT'):0.0
((0, 0, 0, 0, 0, 0, 0, 1, 0, 0, 0, 0, 1, 0, 1, 1, 1, 1, 1), 'STAY'):0.0
((0, 0, 0, -1, 0, 0, 0, 0, 0, 0, 0, 0, 1, 0, 0, 0), 'RIGHT'):0.0
((0, 0, 0, 0, 0, 0, 0, 1, 0, 0, 0, 0, 0, 3, 1, 1, 1, 1, 3), 'LEFT'):1.0
((1, 1, 0, 0, 0, 0, 0, 0, 0, 0, 0, 0, 1, 0, 0.5, 0.5, 0.5, 0, 0), 'DOWN'):0.0
((1, 1, 0, 1, 0, 0, 0, 0, 0, 0, 0, 0, 1, 0, 0, 0, 0, 1, 0), 'RIGHT'):0.0
((0, 0, 1, 0, 0, 0, 0, 0, 0, 0, 0, 0, 1, 0, 0, 0, 0, 0, 0), 'LEFT'):0.0
((0, 0, 0, 0, 0, 0, 0, 0, 0, 0, 0, 1, 1, 0, 0, 0, 0, 0, 0), 'RIGHT'):0.0
((0, 0, 0, -1, 0, 0, 0, 0, 1, 0, 0, 0, 0, 0, 1, 0), 'DOWN'):0.0
((0, 1, 0, 0, 0, 0, 0, 0, 0, 1, 1, 0, 0, 0, 0, 0, 0, 1, 0), 'DOWN'):0.0
((0, 0, 0, 0, 1, 1, 0, 0, 3, 1, 0, 0, 0, 3, 0, 0, 1, 0, 0), 'LEFT'):0.0
((0, 0, 0, 0, 0, 0, 0, 0, 3, 0, 1, 1, 0, 0, 0, 0, 0, 0, 0), 'LEFT'):0.0
((0, 1, 0, 0, 0, 0, 0, 0, 0, 0, 0, 0, 1, 0, 0, 0, 0, 1, 0), 'UP'):13.200439008911651
((0, 0, 0, 0, 0, 0, 0, 1, 0, 0.5, 0.5, 0.5, 0, 0, 0, 0, 0, 1, 3), 'UP'):-1000.0
((0, 0, 0, 0, 0, 0, 0, 1, 0, 0, 0, 0, 1, 0, 1, 1, 1, 1, 1), 'LEFT'):0.0
((0, 1, 0, 0, 1, 1, 0, 0, 0, 0, 0, 0, 1, 0, 0, 0, 0, 1, 0), 'LEFT'):0.0
((0, 0, 0, 0, 0, 1, 1, 1, 0, 0, 0, 0, 0, 0, 0, 1, 1, 1, 0), 'RIGHT'):0.0
((1, -1, 0, 1, 0, 0, 0, 0, 0, 0, 1, 0, 0, 0, 1, 0), 'LEFT'):0.0
((0, 0, 0, 0, 0, 0, 0, 0, 3, 1, 0, 0, 0, 3, 0, 0, 0, 0, 0), 'LEFT'):1.0
((1, 1, 0, 1, 0, 0, 0, 0, 0, 0, 0, 0, 1, 0, 0, 0, 0, 1, 0), 'DOWN'):0.0
((0, 1, 0, 0, 0, 0, 0, 1, 0, 0, 0, 0, 1, 0, 0, 0, 0, 0, 0), 'RIGHT'):0.0
((0, 0, 0, 0, 0, 0, 0, 0, 0, 0, 1, 1, 0, 3, 0, 0, 0, 0, 3), 'DOWN'):0.0
((0, 0, 0, 0, 0, 0, 0, 1, 0, 0, 0, 0, 0, 0, 0, 0, 0, 1, 0), 'RIGHT'):1.0
((0, 0, 0, 0, 0, 0, 0, 0, 0, 0, 1, 1, 0, 0, 0, 0, 0, 0, 0), 'DOWN'):0.0
((0, 0, 0, 0, 0, 0, 0, 0, 0, 0, 0, 0, 0, 0, 0, 0, 0, 1, 0), 'STAY'):10.386700717639663
((0, 0, 0, 0, 1, 1, 1, 0, 1, 1, 1, 1, 0, 3, 0, 0, 1, 0, 0), 'LEFT'):0.0
((0, 0, 0, 0, 1, 0, 0, 0, 3, 1, 0, 0, 1, 3, 0, 0, 0, 0, 0), 'DOWN'):0.0
((0, 0, 0, 0, 1, 1, 0, 0, 0, 0, 0, 0, 0, 0, 0, 0, 0, 0, 0), 'UP'):2.0
((0, 0, 0, 0, 0, 0, 0, 0, 0, 0, 0, 0, 0, 0, 0, 0, 1, 0, 0), 'LEFT'):0.0
((0, 1, 0, 0, 0, 1, 1, 0, 0, 0, 0, 0, 0, 0, 0, 0, 0, 0, 0), 'DOWN'):0.0
((0, 0, 0, 0, 0, 0, 0, 1, 0, 0, 0, 0, 1, 0, 0, 1, 1, 1, 3), 'STAY'):0.0
((0, 1, 0, 0, 0, 0, 0, 0, 0, 1, 1, 0, 0, 0, 0, 0, 0, 1, 0), 'LEFT'):0.0
((0, 0, 0, 0, 0, 0, 0, 0, 0, 1, 1, 0, 0, 0, 1, 1, 0, 1, 0), 'LEFT'):0.0
((1, 1, 0, 0, 0, 0, 0, 0, 0, 0, 0, 0, 1, 0, 0.5, 0.5, 0.5, 0, 0), 'STAY'):0.0
((0, 0, 0, 0, 1, 0, 0, 0, 3, 1, 0, 0, 1, 3, 0, 0, 0, 0, 0), 'UP'):2.0
((0, 0, 0, 0, 0, 0, 0, 0, 0, 1, 1, 1, 0, 1, 1, 1, 1, 0, 3), 'DOWN'):0.0
((0, 0, 0, 0, 0, 0, 0, 0, 0, 0, 0, 0, 1, 0, 1, 0, 0, 0, 0), 'UP'):11.983950778432808
((0, 0, 0, -1, 0, 0, 0, 0, 0, 0, 1, 0, 0, 0, 1, 0), 'RIGHT'):2.8
((1, 0, -1, 0, 0, 0, 0, 1, 0, 0, 0, 0, 0, 0), 'DOWN'):0.0
((0, 0, 0, 0, 0, 0, 0, 1, 0, 1, 1, 0, 1, 0, 0, 0, 0, 1, 0), 'LEFT'):1.0
((0, 0, 0, -1, 0, 0, 1, 0, 1, 0, 0, 0, 0, 0, 1, 0), 'RIGHT'):0.0
((0, 0, 0, 0, 0, 0, 0, 0, 0, 1, 1, 1, 0, 1, 1, 1, 1, 0, 3), 'UP'):2.0
((0, -1, 0, 0, 0, 0, 0, 0, 1, 0, 1, 0, 0, 0, 1, 0), 'RIGHT'):2.8
((0, 0, 0, 0, 0, 0, 0, 0, 0, 1, 0, 0, 1, 0, 0, 1, 1, 1, 0), 'LEFT'):0.0
((1, 0, 0, 0, 0, 0, 0, 1, 0, 1, 0, 0, 0, 3, 1, 0, 0, 1, 3), 'LEFT'):1.0
((0, 0, 0, 0, 0, 0, 0, 1, 0, 0, 0, 0, 0, 0, 1, 1, 1, 0, 3), 'DOWN'):0.0
((0, 0, 0, 0, 0, 0, 0, 0, 0, 0, 0, 0, 1, 0, 0, 0, 0, 1, 0), 'STAY'):9.23442309515679
((0, 0, 0, 0, 0, 0, 0, 0, 0, 0, 0, 1, 1, 0, 0, 0, 0, 1, 0), 'DOWN'):0.0
((0, 0, 0, 0, 0, 0, 0, 0, 0, 1, 1, 0, 1, 0, 0, 0, 0, 1, 0), 'UP'):0.0
((1, 0, 0, 0, 0, 1, 1, 0, 3, 0, 0, 0, 0, 0, 0, 0, 0, 0, 0), 'LEFT'):0.0
((1, 0, 0, 0, 0, 0, 0, 0, 0, 0, 0, 0, 0, 0, 0, 1, 1, 1, 0), 'DOWN'):0.0
((0, 0, 0, 0, 0, 0, 0, 0, 0, 1, 1, 1, 1, 3, 1, 1, 1, 0, 3), 'RIGHT'):0.0
((0, 0, 0, 0, 0, 0, 0, 0, 0, 1, 1, 1, 0, 3, 1, 1, 1, 0, 1), 'DOWN'):0.0
((0, 1, -1, 1, 0, 0, 0, 0, 0, 1, 1, 0, 1, 0), 'LEFT'):0.0
((0, 0, 0, 0, 1, 0, 0, 1, 0, 0, 1, 1, 1, 0, 0, 0, 0, 0, 0), 'RIGHT'):0.0
((0, 0, 0, 0, 0, 0, 0, 1, 0, 0, 0, 0, 0, 0, 1, 1, 0, 0, 3), 'UP'):11.341121040270673
((0, 0.5, 0, 0.5, 0, 0, 0, 1, 0, 1, 1, 1, 0, 3, 1, 1, 1, 1, 2), 'RIGHT'):0.0
((0, -1, 0, 0, 0, 0, 0, 0, 0, 0, 1, 0, 0, 0, 1, 0), 'STAY'):0.0
((1, 1, 0, 0, 0, 0, 0, 0, 0, 0, 0, 0, 1, 0, 0.5, 0.5, 0.5, 0, 0), 'UP'):0.0
((0, 0, 0, 0, 0, 0, 0, 0, 0, 1, 1, 1, 1, 3, 0.5, 0.5, 0.5, 0, 2), 'UP'):0.0
((0, 0, 0, 0, 1, 0, 0, 1, 0, 1, 0, 0, 0, 0, 0, 0, 0, 0, 0), 'DOWN'):0.0
((1, 1, -1, 1, 0, 0, 0, 1, 0, 0, 0, 1, 1, 0), 'STAY'):0.0
((1, 0, 0, 0, 0, 0, 0, 0, 0, 0, 0, 0, 0, 0, 0, 0, 0, 0, 0), 'DOWN'):0.0
((0, 1, 0, 1, 0, 0, 0, 1, 0, 1, 0, 0, 1, 0, 0, 0, 0, 1, 0), 'DOWN'):0.0
((1, 0, 0, 0, 0, 0, 0, 0, 0, 1, 0, 0, 0, 3, 1, 0, 0, 0, 3), 'LEFT'):0.0
((0, 0, 0, 0, 0, 0, 0, 0, 3, 0, 0, 0, 0, 3, 0, 0, 0, 0, 0), 'DOWN'):0.0
((0, 0, 0, 0, 0, 0, 0, 0, 3, 0, 0, 0, 0, 1, 0, 0, 0, 0, 0), 'RIGHT'):0.0
((0.5, 0, 0, 0, 1, 1, 1, 0, 3, 1, 1, 1, 1, 2, 0, 0, 0, 0, 0), 'STAY'):0.0
((0, 0, 0, 0, 0, 0, 0, 1, 0, 0, 0, 0, 0, 0, 1, 1, 1, 0, 2), 'DOWN'):0.0
((0, 1, 0, 1, 0, 0, 0, 1, 0, 0, 0, 0, 0, 0, 1, 0, 0, 0, 3), 'LEFT'):0.0
((0, 0, 0, 0, 0, 0, 0, 0, 0, 0, 0, 0, 0, 0, 0, 1, 1, 0, 0), 'STAY'):0.0
((0, 0, 0, -1, 0, 0, 1, 0, 0, 0, 1, 0, 0, 0, 1, 0), 'LEFT'):0.0
((0, 0, 0, 0, 0, 0, 0, 1, 0, 0, 0, 0, 0, 0, 0, 0, 0, 1, 3), 'DOWN'):0.0
((0, 0, 0, 0, 0, 0, 0, 1, 0, 0, 0, 0, 0, 0, 1, 1, 1, 0, 2), 'UP'):8.809677238357322
((0, 0, 0, 0, 0, 0, 0, 1, 0, 0, 0, 0, 1, 0, 1, 1, 0, 0, 0), 'DOWN'):0.0
((0, 0, 1, 0, 0, 0, 0, 0, 0, 0, 0, 0, 0, 0, 1, 1, 0, 1, 0), 'LEFT'):0.0
((0, 0, 0, 0, 0, 1, 1, 0, 3, 0, 0, 0, 0, 0, 0, 0, 0, 0, 0), 'STAY'):0.0
((1, 0, 0, 0, 0, 0, 0, 1, 0, 0, 0, 0, 1, 0, 0, 0, 0, 1, 0), 'RIGHT'):0.0
((0, 0, 0, 0, 0, 0, 0, 0, 0, 1, 1, 0, 0, 3, 0, 0, 1, 0, 3), 'DOWN'):0.0
((1, 1, -1, 1, 0, 0, 0, 1, 0, 0, 1, 1, 1, 0), 'STAY'):0.0
((1, 1, -1, 1, 0, 0, 0, 1, 0, 0, 1, 1, 1, 0), 'UP'):-1000.0
((0, 0, 0, 0, 0, 0, 0, 0, 3, 0, 0, 0, 0, 3, 1, 1, 0, 0, 0), 'LEFT'):0.0
((1, 1, 0, 1, 0, 0, 0, 0, 0, 0, 1, 1, 0, 0, 0, 0, 0, 0, 0), 'DOWN'):0.0
((1, 0.5, 0, 0.5, 0, 0, 0, 0, 0, 0, 0, 0, 0, 0, 0, 0, 0, 1, 0), 'DOWN'):0.0
((0, 0, 0, 0, 0, 0, 0, 0, 0, 0, 1, 1, 0, 3, 0, 0, 1, 0, 3), 'STAY'):0.0
((1, 0, 0, 0, 0, 0, 0, 0, 0, 0, 0, 0, 1, 0, 1, 0, 0, 0, 3), 'STAY'):0.0
((1, 0, 0, 0, 0, 0, 0, 0, 0, 0, 0, 0, 0, 0, 0, 0, 0, 1, 0), 'RIGHT'):1.0
((1, 0, 0, -1, 0, 0, 1, 3, 1, 0, 0, 0, 0, 0, 0, 0), 'RIGHT'):0.0
((0, 0, 0, 0, 0, 0, 0, 0, 0, 0, 0, 0, 0, 0, 1, 1, 0, 0, 0), 'LEFT'):1.0
((1, 0, -1, 0, 0, 0, 0, 0, 0, 0, 0, 0, 1, 0), 'DOWN'):3.6855900000000004
((0, 0, 0, 0, 0, 1, 1, 0, 0, 0, 0, 0, 0, 0, 0, 0, 0, 0, 0), 'STAY'):0.0
((1, 0, 0, 0, 0, 0, 0, 1, 0, 0, 0, 0, 1, 0, 1, 1, 0, 0, 0), 'DOWN'):0.0
((0, 0, 0, 1, 0, 0, 0, 1, 0, 0, 0, 0, 0, 0, 0, 0, 0, 0, 0), 'RIGHT'):0.0
((0, 0, 0, 0, 1, 1, 0, 0, 0, 0.5, 0.5, 1, 0, 0, 0, 0, 0, 0, 3), 'STAY'):0.0
((0, 0, 0, 0, 0, 0, 0, 1, 0, 0, 0, 1, 1, 0, 0, 0, 0, 1, 0), 'LEFT'):0.0
((0, 0, 0, 0, 1, 0, 0, 0, 0, 0, 0, 0, 0, 0, 0, 0, 0, 0, 0), 'LEFT'):0.0
((1, 0, 0, 0, 0, 0, 0, 1, 0, 0, 0, 0, 1, 0, 0, 0, 0, 0, 0), 'UP'):0.0
((0, 0, -1, 0, 1, 0, 0, 0, 3, 1, 1, 1, 1, 3), 'UP'):2.9
((1, 0, 0, 0, 0, 1, 1, 1, 0, 0, 0, 0, 1, 0, 0, 0, 0, 0, 0), 'UP'):-1000.0
((1, 0, 0, 0, 0, 0, 0, 0, 0, 0, 0, 0, 1, 0, 0, 0, 1, 1, 0), 'STAY'):0.0
((0, 0, -1, 0, 1, 0, 0, 0, 3, 1, 1, 1, 1, 3), 'RIGHT'):0.0
((0, 0, 0, 0, 0, 0, 0, 0, 0, 0, 1, 1, 0, 3, 0, 0, 1, 0, 3), 'LEFT'):0.0
((1, 0, 0, 0, 0, 0, 0, 1, 0, 0, 0, 0, 0, 3, 0, 0, 1, 1, 3), 'DOWN'):0.0
((1, 0, 0, 0, 0, 0, 0, 0, 0, 0, 0, 0, 0, 0, 0, 0, 0, 1, 0), 'LEFT'):0.0
((0.5, 1, 0, 1, 0, 0, 0, 1, 0, 0, 0, 0, 0, 0, 0, 0, 0, 1, 0), 'RIGHT'):0.0
((0, 0, 0, -1, 0, 0, 0, 0, 1, 0, 0, 0, 0, 0, 1, 0), 'RIGHT'):0.0
((0, 0, 0, 0, 0, 0, 0, 0, 0, 1, 1, 0, 0, 3, 0, 0, 1, 0, 3), 'LEFT'):0.0
((1, 0, 0, 0, 0, 0, 0, 1, 0, 0, 0, 0, 1, 0, 0, 0, 0, 1, 0), 'STAY'):0.0
((1, 0, 0, 0, 0, 0, 0, 0, 3, 0, 0, 1, 0, 0, 0, 0, 0, 0, 0), 'RIGHT'):0.0
((0, 0, 0, 0, 0, 0, 0, 1, 0, 0, 0, 0, 0, 0, 0, 0, 0, 0, 0), 'STAY'):9.806295293108791
((1, 1, 0, 1, 0, 0, 0, 0, 3, 0, 0, 0, 0, 3, 1, 0, 0, 0, 0), 'STAY'):0.0
((1, 0, 0, 0, 0, 0, 0, 0, 0, 1, 1, 0, 0, 3, 1, 1, 0, 0, 3), 'STAY'):0.0
((0, 0, 0, -1, 0, 0, 0, 0, 0, 1, 0, 0, 0, 0, 1, 0), 'UP'):2.0
((0, 0, 0, 0, 0, 0, 0, 1, 0, 1, 0, 0, 0, 3, 1, 1, 1, 1, 3), 'STAY'):0.0
((0, 0, 0, 0, 0, 0, 0, 1, 0, 0, 1, 1, 1, 0, 0, 0, 0, 0, 0), 'RIGHT'):11.110980785641111
((0, 0, 0, 0, 1, 0, 0, 0, 0, 0, 0, 0, 1, 0, 0, 0, 0, 1, 0), 'DOWN'):0.0
((1, 0, 0, 0, 0, 0, 0, 0, 0, 0, 0, 0, 1, 0, 0, 0, 1, 1, 0), 'RIGHT'):0.0
((0, 1, -1, 1, 0, 0, 0, 0, 0, 0, 0, 0, 0, 0), 'UP'):2.0
((0, 0, 0, 0, 0, 0, 0, 0, 3, 1, 1, 0, 0, 3, 0, 0, 0, 0, 0), 'UP'):2.0
((1, 0, 0, 0, 0, 0, 0, 0, 0, 0, 0, 0, 0, 0, 0, 0, 0, 0, 0), 'UP'):-1000.0
((0, 0, 0, 0, 0, 0, 0, 1, 0, 1, 0, 0, 0, 3, 0, 1, 1, 1, 3), 'RIGHT'):1.9
((0, 0, 0, 0, 0, 0, 0, 1, 0, 0, 0, 0, 0, 0, 1, 1, 1, 1, 2), 'LEFT'):0.0
((0, 1, 0, 1, 0, 0, 0, 1, 0, 0, 0, 0, 0, 0, 1, 0, 0, 0, 3), 'UP'):2.0
((0, 0, 0, 0, 0, 0, 0, 1, 0, 1, 0, 0, 0, 3, 1, 1, 0, 1, 3), 'STAY'):0.0
((1, 0, 0, 0, 1, 0, 0, 1, 0, 0, 0, 0, 1, 0, 0, 0, 0, 0, 0), 'UP'):-1000.0
((0, 0, 0, 0, 0, 0, 0, 1, 0, 0, 0, 0, 0, 0, 0, 0, 0, 0, 0), 'DOWN'):4.7322
((0, 0, -1, 0, 0, 0, 0, 0, 0, 0, 0, 0, 0, 0), 'DOWN'):2.0785248000000003
((0, 1, 0, 1, 0, 0, 0, 1, 0, 0, 0, 1, 1, 0, 0, 0, 0, 1, 0), 'UP'):2.0
((0, 1, -1, 1, 0, 0, 0, 0, 0, 0, 0, 0, 0, 0), 'RIGHT'):0.0
((1, 0, 0, 0, 0, 0, 0, 1, 0, 0, 0, 0, 0, 3, 0, 0, 1, 1, 3), 'RIGHT'):0.0
((0, 0, 0, 0, 0, 1, 1, 0, 3, 1, 0.5, 0.5, 1, 0, 0, 0, 0, 0, 0), 'DOWN'):0.0
((0, 0, 0, 0, 0, 0, 0, 1, 0, 0, 0, 0, 0, 0, 0.5, 1, 1, 0, 1), 'DOWN'):0.0
((1, 0, 0, 0, 0, 1, 1, 0, 3, 1, 0, 0, 0, 0, 0, 0, 0, 0, 0), 'DOWN'):0.0
((0, -1, 0, 0, 0, 0, 1, 0, 0, 1, 1, 0, 0, 0, 1, 0), 'RIGHT'):0.0
((0, 0, 0, 0, 0, 0, 0, 0, 0, 0, 0, 0, 1, 0, 0, 0, 0, 0, 0), 'DOWN'):1.7999999999999998
((1, 0, 0, 0, 0, 0, 0, 0, 0, 0, 0, 0, 1, 0, 0, 0, 0, 1, 0), 'RIGHT'):0.0
((0, 0, 0, 0, 0, 0, 0, 1, 0, 0, 0, 0, 1, 0, 0, 1, 1, 1, 3), 'UP'):0.0
((1, 1, 0, 0.5, 0, 0, 0, 0, 0, 0, 0, 0, 0, 0, 0, 0, 0, 1, 0), 'STAY'):-997.48
((1, 1, 0, 0.5, 0, 0, 0, 0, 0, 0, 0, 0, 0, 0, 0, 0, 0, 1, 0), 'UP'):0.0
((0, 0, 0, 0, 0, 0, 0, 1, 0, 0, 0, 0, 0, 0, 0.5, 1, 1, 0, 1), 'UP'):2.0
((0, 0, 0, 0, 0, 0, 0, 0, 0, 1, 1, 1, 1, 3, 1, 0.5, 0.5, 0, 1), 'STAY'):0.0
((0, -1, 0, 0, 0, 0, 0, 0, 0, 0, 0, 0, 0, 0, 1, 0), 'STAY'):0.0
((0, 1, 0, 0, 0, 0, 0, 1, 0, 0, 0, 0, 0, 0, 0, 0, 0, 0, 0), 'STAY'):0.0
((1, 0, -1, 0, 0, 0, 0, 0, 0, 0, 0, 0, 1, 0), 'RIGHT'):2.71
((0, 0, -1, 0, 1, 0.5, 0.5, 1, 0, 0, 0, 0, 0, 0), 'UP'):2.0
((1, 1, 0, 0, 0, 0, 0, 1, 0, 0, 0, 0, 1, 0, 0, 0, 0, 1, 0), 'RIGHT'):0.0
((0, 0, 0, 0, 0, 0, 0, 0, 0, 1, 0, 0, 0, 3, 1, 1, 0, 0, 3), 'UP'):11.778336706762488
((0.5, 0, 0, 0, 0, 0, 0, 1, 0, 0, 0, 0, 0, 0, 0, 0, 0, 0, 0), 'LEFT'):0.0
((0, 0, 0, 0, 0, 0, 0, 0, 0, 0, 1, 1, 0, 0, 0, 0, 0, 1, 0), 'STAY'):0.0
((0, 0, 0, 0, 0, 0, 0, 0, 0, 0, 0, 0, 1, 0, 1, 0, 0, 1, 0), 'LEFT'):11.599672903050136
((0, 0, 0, 0, 1, 1, 0, 1, 0, 0, 0, 0, 1, 0, 0, 1, 1, 0, 0), 'LEFT'):0.0
((0, 0, 0, 0, 0, 0, 0, 1, 0, 0, 1, 1, 0, 0, 0, 0, 0, 1, 0), 'UP'):0.0
((0, 0, 0, 0, 0, 0, 0, 1, 0, 0, 0, 0, 0, 0, 1, 1, 1, 1, 3), 'LEFT'):0.0
((0, 0, 0, 0, 0, 0, 0, 0, 0, 0, 0, 0, 1, 0, 1, 0, 0, 0, 0), 'LEFT'):0.0
((1, 0, 0, 0, 0, 0, 0, 0, 3, 0, 0, 1, 0, 0, 0, 0, 0, 0, 0), 'LEFT'):0.0
((0, 0, 0, 0, 1, 0, 0, 0, 3, 1, 0, 0, 1, 3, 0, 0, 0, 0, 0), 'LEFT'):0.0
((0, 0, -1, 1, 1, 0, 0, 1, 0, 0, 0, 0, 0, 0), 'STAY'):0.0
((0, 0.5, 0, 0.5, 0, 0, 0, 1, 0, 1, 1, 1, 0, 3, 1, 1, 0.5, 1, 1), 'DOWN'):0.0
((0, 0, 0, 0, 0, 0, 0, 0, 0, 1, 1, 1, 0, 3, 0, 0, 1, 0, 3), 'DOWN'):0.0
((0, 0, 0, 0, 0, 0, 0, 0, 0, 0, 0, 0, 1, 0, 1, 1, 1, 0, 3), 'LEFT'):0.0
((0.5, 1, 0, 1, 0, 0, 0, 1, 0, 0, 0, 0, 0, 0, 0, 0, 0, 1, 0), 'DOWN'):0.0
((0, 0, 0, 0, 0, 0, 0, 0, 3, 0, 0, 0, 0, 3, 1, 1, 0, 0, 0), 'STAY'):0.0
((0, 0, 0, 0, 0, 0, 0, 1, 0, 1, 0, 0, 1, 0, 0, 0, 0, 0, 0), 'UP'):0.0
((0, 0, -1, 0, 0, 0, 0, 0, 0, 0, 0, 0, 0, 0), 'LEFT'):-999.1
((0, 0, 0, 0, 0, 0, 0, 0, 0, 0, 0, 0, 1, 0, 1, 0, 0, 0, 3), 'LEFT'):0.0
((0, 0, -1, 0, 0, 0, 0, 0, 0, 0, 0, 0, 1, 0), 'DOWN'):0.0
((0, 0, 0, 0, 0, 0, 0, 1, 0, 0, 0, 0, 1, 0, 0, 0, 0, 1, 0), 'RIGHT'):11.536110479130945
((0, 0, 0, 0, 0, 1, 1, 0, 0, 0, 0, 0, 1, 0, 0, 0, 0, 1, 0), 'RIGHT'):0.0
((1, 1, 0, 1, 0, 1, 1, 0, 3, 1, 1, 0, 0, 3, 1, 0, 0, 0, 0), 'LEFT'):0.0
((0, 0, 0, 0, 0, 0, 0, 1, 0, 1, 1, 0, 0, 0, 0, 0, 0, 1, 0), 'STAY'):0.0
((0, 0, 0, 0, 0, 0, 0, 1, 0, 0, 0, 0, 0, 3, 0, 1, 1, 1, 3), 'DOWN'):0.0
((0, 0, 0, 0, 0, 0, 0, 0, 0, 0, 1, 1, 0, 3, 0, 0, 0, 0, 3), 'UP'):7.057047513106869
((0, -1, 0, 0, 0, 0, 1, 0, 0, 0, 1, 0, 0, 0, 1, 0), 'RIGHT'):0.0
((0, 0, 0.5, 0, 0, 0, 0, 1, 0, 0, 0, 0, 1, 0, 0, 0, 0, 0, 0), 'UP'):10.178300117477518
((0.5, 1, -1, 1, 0, 0, 0, 1, 0, 1, 1, 0, 1, 0), 'LEFT'):0.0
((0, 0, 0, 0, 0, 0, 0, 1, 0, 0, 0, 0, 0, 0, 0, 0, 1, 1, 0), 'STAY'):4.344536088000001
((0, 0, 0, 0, 0, 0, 0, 0, 0, 0, 0, 0, 1, 0, 0, 0, 0, 1, 0), 'RIGHT'):11.320153963789263
((0.5, 0, 0, 0, 1, 1, 1, 0, 3, 1, 1, 1, 1, 2, 0, 0, 0, 0, 0), 'DOWN'):0.0
((0, 0, 0, 0, 1, 1, 1, 1, 3, 1, 1, 1, 0, 3, 0, 0, 0, 1, 0), 'RIGHT'):5.6953279000000006
((0, 0, 0, 0, 0, 0, 0, 1, 0, 0, 0, 0, 0, 0, 1, 0, 0, 0, 3), 'STAY'):1.71
((1, 1, 0, 1, 0, 1, 1, 0, 3, 1, 1, 0, 0, 3, 1, 0, 0, 0, 0), 'STAY'):0.0
((0, 0, 0, 0, 0, 0, 0, 0, 0, 0, 1, 1, 0, 3, 0, 0, 1, 0, 3), 'UP'):7.418941681229855
((0, 0, 0, 0, 0, 0, 0, 0, 0, 0.5, 0.5, 1, 0, 0, 0, 0, 1, 0, 2), 'UP'):0.0
((0, 0, 0, 0, 0, 0, 0, 1, 0, 0, 0, 0, 0, 0, 1, 0, 0, 1, 0), 'STAY'):14.048945430220487
((0, 0, 0, 0, 0, 0, 0, 1, 0, 0, 0, 0, 0, 0, 0, 0, 1, 1, 0), 'RIGHT'):0.0
((1, -1, 0, 1, 0, 0, 0, 0, 0, 0, 1, 0, 0, 0, 1, 0), 'RIGHT'):0.0
((0, 0, 0, -1, 0, 0, 0, 0, 0, 0, 0, 0, 1, 0, 0, 0), 'LEFT'):0.0
((0, 0, 0, 0, 0, 0, 0, 0, 0, 1, 0, 0, 1, 0, 0, 0, 0, 1, 0), 'RIGHT'):0.0
((1, 0, 0, 0, 0, 0, 0, 0, 0, 0, 0, 0, 0, 0, 0, 0, 0, 1, 0), 'DOWN'):3.9141000000000004
((0, 0, -1, 1, 1, 0, 0, 1, 0, 0, 0, 0, 0, 0), 'LEFT'):0.0
((0, 0, 0, 0, 1, 1, 0, 0, 0, 0, 0, 0, 0, 0, 0, 0, 0, 1, 0), 'RIGHT'):0.0
((1, 0, -1, 0, 0, 0, 0, 1, 0, 0, 0, 0, 0, 0), 'STAY'):0.0
((0, 0, 1, 0, 0, 0, 0, 1, 0, 0, 0, 0, 0, 0, 0, 0, 0, 0, 0), 'LEFT'):0.0
((0, 0, 0, 0, 0, 0, 0, 1, 0, 0, 0, 0, 0, 0, 1, 0, 0, 0, 3), 'LEFT'):1.0
((0, 0, 0, 0, 0, 0, 0, 0, 0, 0, 1, 1, 0, 3, 0, 0, 0, 0, 3), 'STAY'):0.0
((0, 0, 0, 0, 0, 0, 0, 1, 0, 0, 0, 1, 1, 0, 0, 0, 0, 1, 0), 'DOWN'):0.0
((0, 1, -1, 1, 0, 0, 0, 0, 0, 1, 1, 0, 1, 0), 'RIGHT'):0.0
((1, 1, 0, 0, 1, 1, 1, 0, 3, 0, 0, 0, 1, 3, 0, 0, 0, 0, 0), 'STAY'):0.0
((0, 0, 0, 0, 0, 0, 0, 1, 0, 1, 1, 0, 1, 0, 0, 0, 0, 1, 0), 'RIGHT'):0.0
((0, 0, 0, 0, 0, 0, 0, 1, 0, 0, 0, 0, 0, 0, 0, 1, 1, 0, 3), 'RIGHT'):2.709999999999999
((0, 0, 0, -1, 0, 0, 0, 0, 0, 0, 0, 0, 0, 0, 0, 0), 'RIGHT'):0.0
((0, 0, -1, 0, 0, 0, 0, 1, 0, 0, 0, 0, 1, 0), 'STAY'):0.0
((0, 0, 0, 0, 0, 0, 0, 1, 0, 0, 0, 0, 1, 0, 0, 0, 1, 0, 0), 'LEFT'):0.0
((0, 0, 0, 0, 0, 0, 0, 1, 0, 0, 0, 0, 0, 3, 0, 1, 1, 1, 3), 'STAY'):0.0
((0, 1, 0, 0, 0, 0, 0, 1, 0, 1, 0, 0, 1, 0, 0, 0, 0, 0, 0), 'DOWN'):0.0
((0, 0, 0, 0, 0, 0, 0, 1, 0, 0, 0, 0, 0, 0, 0, 0, 1, 0, 3), 'LEFT'):1.0
((0, 0, 0, 0, 0, 0, 0, 1, 0, 0, 1, 1, 0, 0, 0, 0, 0, 1, 0), 'LEFT'):0.0
((0, 0, 0, 0, 0, 0, 0, 0, 0, 1, 1, 1, 1, 3, 1, 1, 1, 0, 3), 'UP'):2.0
((0, 0, 0, 0, 0, 0, 0, 1, 0, 1, 0, 0, 0, 0, 0, 0, 0, 0, 0), 'RIGHT'):0.0
((0, 0, 0, 0, 0, 0, 0, 0, 0, 0, 0, 1, 0, 0, 0, 0, 0, 0, 0), 'RIGHT'):0.0
((0, 0, 0, 0, 0, 0, 0, 1, 0, 0, 0, 0, 0, 0, 1, 1, 0, 0, 3), 'RIGHT'):1.0
((0, 0, 0, 0, 0, 1, 1, 1, 0, 0, 0, 0, 1, 0, 0, 0, 0, 0, 0), 'LEFT'):0.0
((0, -1, -1, -1, 0, 0, 0, 1, 0), 'LEFT'):0.0
((0, 1, 0, 0, 0, 0, 0, 0, 1, 0, 0, 0, 0, 0, 0, 0, 0, 0, 0), 'RIGHT'):0.0
((0, 0, 0, 1, 0, 0, 0, 1, 0, 0, 0, 0, 0, 0, 0, 0, 0, 1, 0), 'STAY'):0.0
((0, 0, 0, 0, 0, 0, 0, 0, 0, 0, 0, 1, 0, 0, 0, 0, 0, 0, 0), 'STAY'):12.823672119220488
((0, 0, 0, 0, 0, 0, 0, 0, 0, 1, 0, 0, 1, 0, 1, 0, 0, 0, 0), 'STAY'):0.0
((0, 0, 0, 0, 0, 1, 1, 0, 0, 0, 0, 0, 0, 0, 0, 0, 0, 0, 0), 'RIGHT'):0.0
((0, 0, 0, 0, 0, 0, 0, 1, 0, 0, 0, 0, 0, 3, 1, 1, 1, 1, 3), 'STAY'):0.0
((0, 0, 0, 0, 0, 0, 0, 1, 0, 1, 0, 0, 0, 3, 1, 1, 0, 1, 3), 'RIGHT'):0.0
((0, 0, 0, 0, 1, 1, 1, 0, 3, 0, 1, 1, 0, 3, 0, 0, 0, 0, 0), 'DOWN'):0.0
((1, 0.5, 0, 1, 0, 0, 0, 0, 0, 0, 0, 0, 0, 0, 0, 0, 0, 1, 0), 'RIGHT'):0.0
((0, 0, 0, 0, 1, 1, 1, 1, 3, 1, 0.5, 0.5, 0, 1, 0, 0, 0, 1, 0), 'LEFT'):0.0
((1, 1, 0, 0, 0, 0, 0, 1, 0, 0, 0, 0, 1, 0, 0, 0, 0, 0, 0), 'UP'):-1000.0
((0, 0, 0, 0, 1, 1, 1, 0, 3, 0, 1, 1, 0, 3, 0, 0, 0, 0, 0), 'RIGHT'):0.0
((0, 0, 0, 0, 0, 0, 0, 1, 0, 1, 0, 0, 0, 3, 0, 1, 1, 1, 3), 'STAY'):0.0
((0, 0, 0, 0, 0, 0, 0, 0, 0, 0, 0, 0, 1, 0, 1, 1, 0, 1, 0), 'LEFT'):0.0
((0, 0, 0, 0, 0, 0, 0, 0, 0, 0, 1, 1, 1, 0, 0, 0, 0, 0, 0), 'RIGHT'):2.8
((0, 0, 0, 0, 0, 0, 0, 0, 0, 0, 1, 1, 1, 0, 0, 0, 0, 1, 0), 'RIGHT'):0.0
((0, 1, 0, 1, 0, 0, 0, 1, 0, 1, 0, 0, 1, 0, 0, 0, 0, 1, 0), 'LEFT'):0.0
((0, 0, 0, 0, 0, 0, 0, 1, 0, 0, 0, 0, 0, 3, 0, 0, 1, 1, 3), 'DOWN'):0.0
((0, 0, 0, 0, 0, 0, 0, 1, 0, 1, 1, 0, 0, 0, 0, 0, 1, 0, 3), 'UP'):15.170645798478594
((0, -1, 0, 0, 0, 0, 0, 0, 0, 0, 0, 0, 0, 0, 1, 0), 'DOWN'):0.0
((0, 0, 0, -1, 0, 0, 1, 0, 0, 0, 0, 0, 0, 0, 0, 0), 'STAY'):7.7706558
((0, 0, 0, 0, 0, 0, 0, 0, 0, 0, 0, 0, 0, 0, 0, 0, 0, 0, 0), 'RIGHT'):2.8000000000000007
((0, 0, 0, 0, 0, 0, 0, 1, 0, 0, 0, 0, 0, 0, 0.5, 1, 1, 0, 1), 'RIGHT'):0.0
((0, 1, 0, 1, 0, 0, 0, 0, 0, 0, 0, 0, 0, 0, 0, 0, 0, 1, 0), 'RIGHT'):1.0
((0, 0, 0, 0, 0, 0, 0, 0, 0, 1, 1, 1, 0, 3, 1, 1, 1, 0, 1), 'LEFT'):0.0
((0, 1, 0, 1, 0, 0, 0, 1, 0, 0, 0, 1, 1, 0, 0, 0, 0, 1, 0), 'LEFT'):0.0
((0, 0, 0, 0, 0, 0, 0, 1, 0, 1, 0, 0, 0, 3, 0, 1, 1, 1, 3), 'DOWN'):0.0
((1, 0, 0, 0, 0, 0, 0, 0, 0, 0, 0, 0, 0, 0, 0, 1, 1, 1, 0), 'LEFT'):0.0
((0, 0, 0, 0, 0, 0, 0, 1, 0, 0, 0, 0, 0, 0, 0.5, 1, 1, 0, 1), 'STAY'):0.0
((0, 0, 0, -1, 0, 0, 0, 0, 0, 0, 0, 0, 0, 0, 1, 0), 'STAY'):0.0
((1, 0.5, 0, 1, 0, 0, 0, 0, 0, 0, 0, 0, 1, 0, 0, 0, 0, 0, 0), 'LEFT'):-1000.0
((0, 0, 0, 0, 1, 1, 0, 1, 0, 0, 0, 0, 0, 0, 1, 1, 0, 1, 0), 'LEFT'):0.0
((0.5, 0, 0, 0, 0, 0, 0, 1, 0, 0, 0, 0, 0, 0, 0, 0, 0, 0, 0), 'UP'):2.0
((0, 0, 0, 0, 0, 0, 0, 1, 0, 0, 0, 0, 0, 0, 1, 1, 1, 1, 3), 'DOWN'):0.0
((0, 0, 0, 0, 0, 0, 0, 0, 0, 1, 1, 0, 0, 0, 0, 0, 0, 0, 0), 'DOWN'):0.0
((0, 0, 0, 0, 0, 0, 0, 1, 0, 0, 1, 1, 1, 3, 0, 0, 0, 1, 3), 'LEFT'):0.0
((0, 0, 0, 0, 1, 0, 0, 0, 0, 0, 0, 0, 1, 0, 0, 0, 0, 1, 0), 'RIGHT'):0.0
((0, 0, 0, 0, 0, 0, 0, 1, 0, 1, 0, 0, 0, 3, 1, 1, 1, 1, 3), 'UP'):0.0
((1, 1, -1, 0, 0, 0, 0, 1, 0, 0, 0, 0, 1, 0), 'DOWN'):-1000.0
((1, 0, 0, 0, 0, 1, 1, 1, 0, 0, 0, 0, 1, 0, 0, 0, 0, 0, 0), 'RIGHT'):0.0
((0, 0, 0, 0, 0, 1, 1, 1, 0, 0, 0, 0, 1, 0, 0, 0, 0, 0, 0), 'STAY'):0.0
((1, 0, -1, 0, 0, 0, 0, 0, 0, 0, 0, 0, 1, 0), 'LEFT'):4.68559
((0, 0, 0, -1, 0, 0, 0, 0, 0, 0, 0, 0, 1, 1, 0, 0), 'UP'):0.0
((0, 0, 0, 0, 1, 1, 0, 0, 0, 0, 0, 0, 0, 0, 0, 0, 0, 1, 0), 'DOWN'):0.0
((0, 0, 1, 0, 0, 0, 0, 0, 0, 0, 0, 0, 1, 0, 0, 0, 0, 1, 0), 'LEFT'):0.0
((0, 0, 0, 0, 0, 0, 0, 0, 0, 1, 0, 0, 0, 3, 0, 0, 0, 0, 3), 'STAY'):0.0
((1, 1, 0, 1, 0, 0, 0, 0, 0, 0, 0, 0, 1, 0, 0, 0, 0, 1, 0), 'LEFT'):0.0
((1, 0, 0, 0, 0, 0, 0, 1, 0, 1, 1, 1, 0, 3, 1, 0.5, 0.5, 1, 0), 'STAY'):0.0
((0, 0, 1, 0, 0, 0, 0, 0, 0, 0, 0, 0, 0, 0, 0, 0, 0, 1, 0), 'STAY'):0.0
((1, 0, 0, 0, 1, 0, 0, 1, 0, 0, 0, 0, 1, 0, 0, 0, 0, 0, 0), 'RIGHT'):0.0
((0, 0, 0, -1, 1, 1, 1, 3, 0, 0, 1, 3, 1, 0, 0, 0), 'RIGHT'):0.0
((0, 0, 0, 0, 0, 0, 0, 0, 0, 0, 0, 0, 0, 3, 0, 0, 1, 0, 2), 'DOWN'):0.0
((0, 0, 1, 0, 0, 0, 0, 0, 0, 0, 0, 0, 0, 0, 0, 0, 0, 1, 0), 'DOWN'):0.0
((0, -1, 0, 0, 0, 0, 1, 0, 0, 0, 1, 0, 0, 0, 1, 0), 'UP'):6.3902
((0, 0, 0, 0, 0, 0, 0, 1, 0, 0.5, 0.5, 0.5, 0, 0, 0, 0, 0, 1, 3), 'STAY'):0.0
((0, 0, 0, 0, 0, 1, 1, 1, 0, 0, 0, 0, 1, 0, 0, 0, 0, 0, 0), 'UP'):12.742408042619246
((0, 0, 0, 0, 0, 0, 0, 0, 0, 0, 0, 0, 0, 3, 0, 0, 1, 0, 2), 'UP'):2.0
((1, 1, 0, 1, 0, 0, 0, 0, 0, 0, 0, 0, 1, 0, 0, 0, 0, 0, 0), 'LEFT'):0.0
((0, 0, 0, -1, 0, 0, 0, 0, 0, 0, 0, 0, 0, 0, 1, 0), 'LEFT'):0.0
((0, -1, 0, 0, 0, 0, 1, 0, 0, 0, 1, 0, 0, 0, 1, 0), 'DOWN'):0.0
((1, 0, 0, 0, 0, 0, 0, 1, 0, 0, 0, 0, 0, 3, 0, 0, 1, 1, 3), 'STAY'):0.0
((0, -1, 0, 0, 0, 0, 0, 0, 0, 0, 1, 0, 0, 0, 1, 0), 'LEFT'):0.0
((1, 0, 0, 0, 0, 0, 0, 0, 0, 1, 0, 0, 0, 0, 0, 1, 1, 1, 0), 'LEFT'):0.0
((0, 0, 0, 0, 0, 0, 0, 1, 0, 0, 0, 0, 1, 0, 1, 1, 1, 1, 1), 'RIGHT'):0.0
((1, 0, 0, 0, 0, 0, 0, 1, 0, 0, 0, 0, 1, 0, 1, 0, 0, 0, 0), 'RIGHT'):0.0
((0, 0, 0, 0, 1, 1, 1, 0, 3, 1, 1, 1, 0, 0, 0, 0, 0, 0, 0), 'STAY'):0.0
((0, 0, 0, 0, 1, 1, 0, 0, 3, 1, 0, 0, 0, 3, 0, 0, 1, 0, 0), 'DOWN'):0.0
((0, 0, 0, 0, 0, 0, 0, 0, 0, 0, 1, 1, 0, 0, 0, 0, 0, 1, 0), 'RIGHT'):0.0
((0, -1, 0, 0, 1, 1, 1, 0, 0, 0, 1, 0, 0, 0, 0, 0), 'STAY'):0.0
((0, 0, 0, 0, 0, 0, 0, 0, 0, 1, 0, 0, 1, 0, 0, 0, 0, 1, 0), 'UP'):2.0
((0, 0, 0, 0, 1, 1, 1, 1, 3, 1, 0.5, 0.5, 0, 1, 0, 0, 0, 1, 0), 'RIGHT'):0.0
((0.5, 0, 0, 1, 1, 1, 1, 0, 3, 1, 1, 0.5, 1, 1, 0, 0, 0, 0, 0), 'STAY'):0.0
((0, 0, 0, 0, 0, 0, 0, 1, 0, 1, 1, 0, 1, 0, 0, 0, 0, 0, 0), 'STAY'):0.0
((0, 1, -1, 1, 0, 0, 0, 0, 0, 1, 1, 0, 1, 0), 'UP'):2.0
((0, 0, 0, 0, 1, 1, 1, 0, 3, 1, 1, 1, 0, 0, 0, 0, 0, 0, 0), 'RIGHT'):0.0
((0, 0, 0, 0, 0, 0, 0, 0, 3, 1, 1, 0, 0, 3, 0, 0, 0, 0, 0), 'RIGHT'):0.0
((0, 0, 0, 0, 0, 0, 0, 0, 0, 1, 0, 0, 0, 3, 1, 1, 0, 0, 3), 'STAY'):0.0
((1, 0, 0, 0, 0, 0, 0, 1, 0, 0, 0, 0, 1, 0, 0, 0, 0, 0, 0), 'RIGHT'):0.0
((1, 1, 0, 1, 0, 1, 1, 0, 3, 1, 1, 0, 0, 3, 1, 0, 0, 0, 0), 'UP'):12.497414336722372
((0, 0, 1, 0, 0, 0, 0, 1, 0, 0, 0, 0, 1, 0, 0, 0, 0, 0, 0), 'RIGHT'):0.0
((1, 1, 0, 0.5, 0, 0, 0, 0, 0, 0, 0, 0, 0, 0, 0, 0, 0, 1, 0), 'RIGHT'):0.0
((0, 0, 0, 0, 0, 0, 0, 1, 0, 0, 0, 0, 1, 0, 1, 1, 0, 0, 0), 'RIGHT'):0.0
((0, 0, 0, 0, 0, 0, 0, 0, 0, 0, 0, 0, 1, 0, 1, 0, 0, 0, 3), 'RIGHT'):0.0
((0, 0, 1, 0, 0, 0, 0, 1, 0, 0, 0, 0, 1, 0, 0, 0, 0, 1, 0), 'UP'):2.0
((0, 0, 0, 0, 0, 0, 0, 1, 0, 0.5, 0.5, 0.5, 0, 0, 0, 0, 0, 1, 3), 'LEFT'):0.0
((0, 0, -1, 0, 0, 0, 0, 1, 0, 0, 0, 0, 1, 0), 'LEFT'):0.0
((0, 0, 0, 0, 0, 0, 0, 0, 0, 1, 1, 0, 0, 0, 1, 1, 0, 1, 0), 'STAY'):0.0
((0, 0, 0, 0, 1, 1, 1, 1, 3, 1, 1, 1, 0, 3, 0, 0, 0, 1, 0), 'LEFT'):4.0951
((0, 0, -1, 0, 1, 0.5, 0.5, 1, 0, 0, 0, 0, 0, 0), 'DOWN'):0.0
((1, 1, 0, 0, 0, 0, 0, 1, 0, 0, 0, 0, 1, 0, 0, 0, 0, 1, 0), 'DOWN'):0.0
((0, 0, 0, 0, 1, 0, 0, 0, 0, 0, 0, 0, 0, 0, 0, 0, 0, 1, 0), 'DOWN'):1.8
((0, 0, 0, -1, 0, 0, 0, 0, 0, 0, 1, 0, 0, 0, 1, 0), 'LEFT'):13.066311786077
((0, 0, 0, 0, 0, 0, 0, 0, 3, 0, 0, 0, 0, 1, 0, 0, 0, 0, 0), 'DOWN'):0.0
((0, 0, 0, 0, 0, 0, 0, 0, 0, 0, 0, 0, 0, 0, 0, 1, 1, 0, 0), 'LEFT'):0.0
((0, 1, 0, 1, 0, 0, 0, 0, 0, 0, 0, 0, 1, 0, 0, 0, 0, 1, 0), 'STAY'):0.0
((0, 0, 0, 0, 0, 0, 0, 1, 0, 0, 0, 0, 0, 0, 1, 1, 1, 0, 2), 'STAY'):0.0
((0, 0, 0, 0, 0, 0, 0, 1, 0, 0, 0, 0, 1, 0, 0, 0, 0, 0, 0), 'LEFT'):1.0
((0, 0, 0, 0, 0, 0, 0, 1, 0, 0, 0, 0, 1, 0, 0, 1, 1, 0, 0), 'STAY'):0.0
((0, 0, 0, 0, 0, 0, 1, 1, 0, 0, 0, 0, 1, 0, 0, 0, 0, 0, 0), 'LEFT'):0.0
((1, 1, 0, 1, 0, 0, 0, 0, 0, 0, 1, 1, 0, 0, 0, 0, 0, 0, 0), 'UP'):12.528470105729765
((0, 1, 0, 1, 0, 0, 0, 1, 0, 1, 0, 0, 1, 0, 0, 0, 0, 1, 0), 'STAY'):0.0
((1, 0, 0, 0, 0, 0, 0, 0, 0, 1, 1, 0, 0, 3, 1, 1, 0, 0, 3), 'RIGHT'):0.0
((0, 0, 0, 0, 0, 0, 0, 0, 0, 0, 0, 0, 0, 0, 1, 1, 0, 1, 0), 'LEFT'):0.0
((0, 0, 0, 0, 0, 0, 0, 1, 0, 0, 0, 0, 1, 0, 0, 1, 1, 1, 3), 'LEFT'):0.0
((0, 0, 0, 0, 0, 0, 0, 0, 0, 1, 1, 1, 0, 3, 1, 1, 1, 0, 1), 'STAY'):0.0
((0, 1, 0, 0, 0, 0, 0, 0, 0, 0, 0, 0, 1, 0, 0, 0, 0, 1, 0), 'DOWN'):0.0
((1, 0, 0, 0, 0, 0, 0, 1, 0, 0, 0, 0, 0, 0, 0, 0, 0, 1, 0), 'DOWN'):0.0
((0, 0, 0, 0, 1, 1, 0, 0, 0, 0, 0, 0, 0, 0, 0, 0, 0, 1, 0), 'STAY'):0.0
((0, 0, 0, 0, 0, 0, 0, 0, 0, 0, 0, 0, 0, 0, 0, 0, 1, 0, 0), 'DOWN'):0.0
((0, 0, 1, 0, 0, 0, 0, 0, 0, 0, 0, 0, 0, 0, 1, 1, 0, 1, 0), 'DOWN'):0.0
((0, 0, 0, 0, 0, 0, 0, 1, 0, 0, 1, 1, 0, 0, 0, 0, 0, 1, 0), 'STAY'):0.0
((0, 0, 0, 0, 1, 0, 0, 1, 0, 0, 1, 1, 1, 0, 0, 0, 0, 0, 0), 'UP'):2.0
((0, 1, 0, 0, 0, 0, 0, 1, 0, 0, 0, 0, 0, 0, 0, 0, 0, 0, 0), 'UP'):2.0
((0, 0, 0, 0, 0, 0, 0, 0, 0, 0, 0, 0, 0, 3, 0, 0, 1, 0, 2), 'LEFT'):0.0
((0, 0, 0, 0, 0, 0, 0, 0, 0, 1, 1, 1, 1, 3, 1, 0.5, 0.5, 0, 2), 'STAY'):0.0
((0, 0, 0, 0, 0, 1, 1, 0, 3, 0, 0, 0, 0, 0, 0, 0, 0, 0, 0), 'UP'):2.0
((0, 0, 0, 0, 0, 0, 0, 0, 0, 0, 0, 0, 1, 0, 0, 1, 1, 1, 0), 'STAY'):0.0
((0, 0, 0, 0, 0, 0, 0, 1, 0, 0, 0, 0, 0, 0, 0, 0, 1, 0, 3), 'RIGHT'):0.0
((0, 0, 0, 0, 0, 0, 0, 0, 0, 0, 0, 0, 0, 0, 0, 0, 0, 1, 0), 'UP'):2.0
((0, 0, 0, 0, 0, 0, 0, 1, 0, 0, 0, 0, 0, 0, 1, 1, 1, 1, 2), 'UP'):6.4955738
((1, 1, 0, 0, 0, 0, 0, 0, 0, 0, 0, 0, 1, 0, 0, 0, 0, 0, 3), 'STAY'):0.0
((0, 0, 1, 0, 0, 0, 0, 0, 0, 0, 0, 0, 1, 0, 0, 0, 0, 1, 0), 'DOWN'):0.0
((0, 0, 0, 0, 0, 0, 0, 0, 0, 1, 1, 1, 0, 3, 0, 0, 1, 0, 3), 'STAY'):0.0
((0, -1, 0, 0, 0, 0, 0, 0, 1, 1, 1, 0, 0, 0, 1, 0), 'LEFT'):0.0
((0.5, 0, 0, 1, 1, 1, 1, 0, 3, 1, 1, 0.5, 1, 1, 0, 0, 0, 0, 0), 'LEFT'):0.0
((0, 0, -1, 0, 0, 0, 0, 1, 0, 0, 0, 0, 1, 0), 'DOWN'):0.0
((0, 0, 0, 0, 0, 0, 0, 0, 0, 0, 0, 0, 0, 3, 1, 1, 0, 0, 3), 'LEFT'):1.0
((0, 0, 1, 0, 0, 0, 0, 0, 0, 0, 0, 0, 1, 0, 0, 0, 0, 1, 0), 'UP'):0.0
((0, 0, 0, 0, 0, 0, 0, 0, 0, 0, 0, 0, 1, 0, 1, 0, 0, 0, 0), 'STAY'):0.0
((0, 0, 0, 0, 0, 1, 1, 0, 0, 0, 0, 0, 1, 0, 0, 0, 0, 1, 0), 'UP'):2.0
((0, 0, 0, -1, 0, 0, 1, 0, 0, 0, 0, 0, 0, 0, 0, 0), 'DOWN'):0.0
((0, 0, 0, 0, 0, 0, 0, 1, 0, 1, 1, 0, 0, 0, 0, 0, 0, 1, 0), 'RIGHT'):0.0
((0, 0, 0, 1, 0, 0, 0, 1, 0, 0, 0, 0, 0, 0, 0, 0, 0, 1, 0), 'RIGHT'):0.0
((0, 0, -1, 0, 1, 0, 0, 0, 3, 1, 1, 1, 1, 3), 'DOWN'):0.0
((0, 0, 0, 0, 1, 0, 0, 0, 0, 0, 0, 0, 0, 0, 0, 0, 0, 1, 0), 'RIGHT'):0.0
((1, 0, 0, 0, 0, 0, 1, 0, 0, 0, 0, 0, 0, 0, 0, 0, 1, 1, 0), 'STAY'):0.0
((1, 0, 0, -1, 0, 0, 1, 3, 1, 0, 0, 0, 0, 0, 0, 0), 'LEFT'):0.0
((0, 0, 0, 0, 0, 0, 0, 1, 0, 0, 0, 1, 0, 0, 0, 0, 0, 1, 0), 'UP'):2.0
((1, 0, 0, 0, 0, 0, 0, 0, 0, 0, 0, 0, 0, 0, 0, 0, 0, 0, 0), 'STAY'):11.923672119220488
((0, 0, 0, 0, 1, 1, 1, 0, 3, 0, 1, 1, 0, 3, 0, 0, 0, 0, 0), 'STAY'):0.0
((0, 1, 1, 1, 0, 0, 0, 0, 0, 0, 0, 0, 1, 0, 0, 0, 0, 1, 0), 'DOWN'):-1000.0
((0, 0, 0, 0, 0, 0, 0, 0, 0, 0, 0, 1, 1, 0, 0, 0, 0, 1, 0), 'UP'):6.344536088000001
((0, 0, 0, 0, 0, 0, 0, 0, 0, 0, 0, 1, 1, 0, 0, 0, 0, 0, 0), 'DOWN'):0.0
((0, 0, 0, 0, 0, 0, 0, 0, 0, 0, 0, 1, 0, 0, 0, 0, 0, 0, 0), 'DOWN'):0.0
((1, 0, 0, 0, 0, 0, 0, 0, 0, 0, 0, 0, 0, 0, 0, 1, 1, 1, 0), 'UP'):0.0
((0, 0, 0, 0, 0, 0, 0, 0, 0, 0, 0, 1, 0, 3, 1, 1, 0, 0, 3), 'RIGHT'):0.0
((1, 0, 0, 0, 1, 1, 1, 0, 3, 0, 0, 0, 1, 0, 0, 0, 0, 0, 0), 'RIGHT'):0.0
((0, 0, 0, 0, 1, 0, 0, 1, 0, 0, 1, 1, 1, 0, 0, 0, 0, 0, 0), 'STAY'):0.0
((0, -1, 0, 0, 0, 0, 1, 0, 0, 1, 1, 0, 0, 0, 1, 0), 'LEFT'):0.0
((0, 0, 0, 0, 0, 0, 0, 0, 0, 0, 0, 0, 1, 0, 0, 1, 1, 1, 0), 'DOWN'):0.0
((0, 1, 0, 0, 0, 0, 0, 1, 0, 0, 0, 0, 0, 0, 0, 0, 0, 1, 0), 'STAY'):0.0
((0, 0, 0, 0, 0, 0, 0, 0, 0, 0, 0, 0, 0, 0, 0, 1, 1, 0, 0), 'RIGHT'):0.0
((0, 0, 0, 0, 0, 0, 0, 0, 0, 0, 0, 1, 0, 0, 0, 0, 0, 0, 0), 'UP'):0.0
((0, 0, 0, 0, 1, 1, 1, 0, 3, 1, 1, 1, 0, 0, 0, 0, 0, 0, 0), 'DOWN'):0.0
((0, 0, 0, 0, 1, 0, 0, 1, 0, 1, 0, 0, 0, 0, 0, 0, 0, 0, 0), 'UP'):2.0
((0, 0, 0, 0, 0, 0, 0, 1, 0, 0, 0, 0, 0, 0, 0, 0, 0, 0, 3), 'DOWN'):0.0
((0, -1, 0, 0, 0, 0, 0, 0, 1, 0, 1, 0, 0, 0, 1, 0), 'STAY'):0.0
((0, 1, 0, 0, 0, 0, 0, 0, 1, 0, 0, 0, 0, 0, 0, 0, 0, 0, 0), 'UP'):2.0
((1, 0, 0, 0, 0, 0, 0, 1, 0, 1, 0, 0, 0, 3, 1, 0, 0, 1, 3), 'RIGHT'):0.0
((1, 1, 0, 1, 0, 0, 0, 0, 0, 0, 0, 0, 0, 0, 0, 0, 0, 1, 0), 'UP'):0.0
((0, 0, 0, 0, 0, 0, 0, 1, 0, 0, 0, 0, 0, 0, 0, 0, 0, 1, 3), 'RIGHT'):0.0
((0, 0, 0, 0, 0, 0, 0, 1, 0, 0, 0, 0, 0, 0, 1, 0, 0, 1, 0), 'LEFT'):0.0
((0, 0, 1, 0, 0, 0, 0, 0, 0, 0, 0, 0, 1, 0, 0, 0, 0, 0, 0), 'RIGHT'):0.0
((0, 0, 0, 0, 1, 1, 1, 1, 3, 1, 0.5, 0.5, 0, 1, 0, 0, 0, 1, 0), 'UP'):2.0
((0, 1, -1, 1, 0, 0, 0, 0, 0, 0, 0, 0, 0, 0), 'DOWN'):0.0
((0, 0, 0, 0, 0, 1, 1, 1, 0, 0, 0, 0, 1, 0, 0, 0, 0, 0, 0), 'DOWN'):0.0
((0, 0, 0, 0, 1, 1, 1, 0, 3, 1, 1, 1, 0, 0, 0, 0, 0, 0, 0), 'UP'):2.0
((1, 1, 0, 1, 0, 0, 0, 0, 0, 0, 0, 0, 0, 0, 0, 0, 0, 1, 0), 'DOWN'):0.0
((0, 0, 0, 0, 0, 0, 0, 1, 0, 1, 0, 0, 0, 0, 0.5, 0.5, 1, 0, 0), 'LEFT'):0.0
((1, 0, 0, 0, 0, 0, 0, 1, 0, 0, 0, 0, 1, 0, 0, 0, 0, 1, 0), 'LEFT'):0.0
((0, 0, 0, 0, 0, 0, 0, 0, 0, 1, 0, 0, 0, 3, 1, 1, 0, 0, 3), 'RIGHT'):0.0
((0, 0, 0, 0, 0, 0, 0, 1, 0, 0, 0, 0, 0, 0, 1, 1, 0, 1, 0), 'RIGHT'):0.0
((0, 0, 0, 0, 0, 0, 0, 1, 0, 0, 0, 0, 1, 0, 1, 1, 0, 0, 0), 'UP'):0.0
((0, -1, 0, 0, 0, 0, 1, 0, 0, 0, 1, 0, 0, 1, 1, 0), 'DOWN'):0.0
((0, 0, -1, 0, 1, 0.5, 0.5, 1, 0, 0, 0, 0, 0, 0), 'RIGHT'):0.0
((0, 0, 0, 0, 0, 0, 0, 0, 0, 0, 0, 0, 1, 0, 0, 1, 1, 1, 0), 'RIGHT'):0.0
((0, -1, 0, 0, 0, 0, 1, 0, 0, 0, 1, 0, 0, 1, 1, 0), 'RIGHT'):0.0
((1, 1, -1, 1, 0, 0, 0, 1, 0, 0, 1, 1, 1, 0), 'DOWN'):0.0
((1, 0, 0, 0, 0, 1, 1, 0, 3, 0, 0, 0, 0, 0, 0, 0, 0, 0, 0), 'UP'):-1000.0
((0, 0, 1, 0, 0, 0, 0, 0, 0, 0, 0, 0, 0, 0, 0, 0, 0, 1, 0), 'RIGHT'):0.0
((0, 0, 0, 0, 0, 0, 0, 0, 0, 0, 0, 0, 0, 0, 1, 1, 0, 1, 0), 'STAY'):0.0
((0, 0, 0, 0, 0, 0, 0, 1, 0, 0, 0, 0, 0, 0, 0, 1, 1, 1, 0), 'LEFT'):0.0
((0, 0, 0, 0, 0, 0, 0, 0, 0, 1, 1, 1, 1, 3, 1, 0.5, 0.5, 0, 2), 'UP'):0.0
((0, 0, 1, 0, 0, 0, 0, 0, 0, 0, 0, 0, 1, 0, 0, 0, 0, 0, 0), 'STAY'):0.0
((0, 0, 0, 1, 0, 0, 0, 0, 0, 0, 0, 0, 0, 0, 0, 0, 0, 1, 0), 'LEFT'):-1000.0
((0, 0, 0, 0, 0, 0, 0, 0, 0, 0, 0, 1, 1, 0, 0, 0, 0, 1, 0), 'LEFT'):11.629819708381774
((0, -1, 0, 0, 0, 0, 1, 0, 0, 0, 0, 0, 0, 0, 0, 0), 'RIGHT'):3.358
((0, 0, 0, 0, 0, 0, 0, 1, 0, 0, 0, 0, 0, 0, 1, 0, 0, 0, 3), 'DOWN'):0.0
((0, 0, 0, 0, 0, 0, 0, 1, 0, 0, 0, 0, 1, 0, 1, 1, 1, 1, 3), 'LEFT'):0.0
((1, 1, -1, 0, 0, 0, 0, 1, 0, 0, 0, 0, 1, 0), 'RIGHT'):0.0
((0, 0, 0, 0, 0, 0, 0, 0, 0, 1, 1, 0, 1, 0, 0, 0, 0, 0, 0), 'RIGHT'):0.0
((1, 1, 0, 1, 0, 0, 0, 0, 3, 0, 0, 0, 0, 3, 1, 0, 0, 0, 0), 'LEFT'):2.8
((0, 0, 0, -1, 0, 0, 1, 0, 1, 0, 0, 0, 0, 0, 1, 0), 'LEFT'):1.0
((0, 0, 0, 0, 0, 0, 0, 1, 0, 0, 0, 0, 0, 0, 0, 0, 1, 0, 3), 'DOWN'):0.0
((0, 0, 0, 0, 0, 0, 0, 0, 0, 0, 0, 0, 0, 0, 0, 1, 1, 0, 0), 'DOWN'):0.0
((0, 0, 0, 0, 0, 0, 0, 1, 0, 0, 0, 0, 0, 0, 1, 0, 0, 0, 3), 'UP'):0.0
((0, 0, 0, 0, 0, 0, 0, 1, 0, 0, 0, 0, 0, 3, 0, 1, 1, 1, 3), 'RIGHT'):0.0
((0, 0, 0, 0, 0, 0, 0, 0, 0, 1, 1, 0, 1, 0, 0, 0, 0, 1, 0), 'LEFT'):0.0
((0, 0, 1, 0, 0, 0, 0, 0, 0, 0, 0, 0, 1, 0, 0, 0, 0, 1, 0), 'STAY'):0.0
((1, 1, 0, 1, 0, 0, 0, 0, 0, 0, 0, 0, 1, 0, 0, 0, 0, 1, 0), 'STAY'):0.0
((1, 0, 0, 0, 0, 0, 0, 1, 0, 1, 1, 1, 0, 3, 1, 0.5, 0.5, 1, 0), 'UP'):0.0
((0, 0, 0, 0, 0, 0, 1, 0, 0, 0, 0, 0, 0, 0, 0, 0, 0, 1, 0), 'LEFT'):0.0
((0, 0, 0, -1, 0, 0, 1, 0, 1, 1, 1, 3, 0, 0, 1, 3), 'DOWN'):0.0
((0, 0.5, 0, -1, 0, 0, 0, 0, 0, 0, 0, 0, 0, 0, 0, 0), 'STAY'):0.0
((0, 0, 0, 0, 1, 0, 0, 1, 0, 0, 0, 0, 1, 0, 0, 0, 0, 1, 0), 'UP'):2.0
((0, 0, -1, 0, 0, 0, 0, 0, 0, 0, 0, 0, 1, 0), 'STAY'):0.0
((0, 0, 0, 0, 0, 0, 0, 1, 0, 0, 0, 0, 0, 0, 1, 1, 0, 0, 3), 'STAY'):0.0
((0, 0, 0, 0, 1, 1, 1, 0, 1, 1, 1, 1, 0, 3, 0, 0, 1, 0, 0), 'UP'):2.0
((1, 0.5, 0, 1, 0, 0, 0, 0, 0, 0, 0, 0, 0, 0, 0, 0, 0, 1, 0), 'LEFT'):0.0
((0, 0, 0, 0, 0, 0, 0, 0, 0, 0, 0, 0, 1, 0, 1, 0, 0, 0, 3), 'UP'):4.349
((0, 0, 0, 0, 0, 0, 0, 0, 3, 0, 0, 0, 0, 3, 1, 1, 0, 0, 0), 'UP'):2.0
((0, 0, 0, 0, 0, 0, 0, 0, 0, 0, 0, 0, 0, 0, 0, 0, 1, 0, 0), 'RIGHT'):11.55727671330687
((0, 0, 0, 0, 0, 0, 0, 1, 0, 0, 0, 0, 0, 0, 0.5, 1, 1, 0, 1), 'LEFT'):0.0
((1, 1, 0, 1, 0, 0, 0, 0, 0, 0, 0, 0, 0, 0, 0, 0, 0, 1, 0), 'RIGHT'):0.0
((0, 0, 0.5, 0, 0, 0, 0, 0, 0, 0, 0, 0, 1, 0, 1, 1, 0, 0, 3), 'UP'):12.386700717639663
((0, 0, 0, 0, 0, 0, 0, 1, 0, 1, 1, 0, 1, 0, 0, 0, 0, 0, 0), 'DOWN'):0.0
((0, 1, 1, 1, 0, 0, 0, 0, 0, 0, 0, 0, 1, 0, 0, 0, 0, 1, 0), 'RIGHT'):0.0
((0, 0, 0.5, 0, 0, 0, 0, 0, 0, 0, 0, 0, 1, 0, 1, 1, 0, 0, 3), 'LEFT'):0.0
((0, 0, 0, 0, 0, 0, 0, 0, 0, 0, 1, 1, 0, 0, 0, 0, 0, 0, 0), 'RIGHT'):0.0
((0, 0, 0, 0, 0, 0, 0, 0, 0, 0, 0, 0, 1, 0, 1, 0, 0, 1, 0), 'STAY'):0.0
((0, 0, 1, 1, 0, 0, 0, 1, 0, 0, 0, 0, 0, 0, 0, 0, 0, 0, 0), 'LEFT'):0.0
((1, 0, 0, 0, 0, 0, 0, 0, 3, 1, 1, 0, 0, 0, 0, 0, 0, 0, 0), 'LEFT'):0.0
((0, -1, -1, -1, 0, 0, 0, 0, 0), 'DOWN'):0.0
((0, 0, 0, 0, 0, 0, 0, 0, 0, 1, 1, 1, 1, 3, 1, 1, 1, 0, 3), 'DOWN'):0.0
((0, 0, 0, 0, 0, 1, 1, 0, 0, 0, 0, 0, 1, 0, 0, 0, 0, 1, 0), 'LEFT'):0.0
((0, 0, 0, 0, 1, 1, 0, 1, 0, 0, 0, 0, 1, 0, 0, 1, 1, 0, 0), 'RIGHT'):0.0
((0, 0, 0, 0, 0, 0, 0, 0, 0, 0.5, 1, 1, 0, 0, 1, 1, 1, 0, 3), 'LEFT'):0.0
((1, 0, 0, 0, 0, 0, 1, 0, 0, 0, 0, 0, 0, 0, 0, 0, 1, 1, 0), 'UP'):-1000.0
((0, 0, 0, -1, 0, 0, 1, 0, 0, 0, 0, 0, 0, 0, 0, 0), 'RIGHT'):8.7706558
((1, 0, 0, 0, 0, 0, 1, 0, 0, 0, 0, 0, 0, 0, 0, 0, 1, 1, 0), 'LEFT'):0.0
((0, 0, 0, 0, 0, 0, 0, 0, 3, 0, 0, 0, 0, 3, 0, 0, 0, 0, 0), 'STAY'):0.0
((0, 0, 0, 0, 0, 0, 0, 0, 0, 0, 0, 0, 1, 0, 0, 0, 0, 0, 0), 'RIGHT'):1.0
((0, 0, 0, 0, 1, 0, 0, 1, 0, 0, 0, 0, 1, 0, 0, 0, 0, 1, 0), 'LEFT'):0.0
((0, 0, 0, 0, 0, 0, 0, 0, 3, 1, 0, 0, 0, 3, 0, 0, 0, 0, 0), 'UP'):0.0
((1, 0, 0, 0, 0, 0, 0, 1, 0, 0, 0, 0, 0, 0, 0, 0, 0, 0, 0), 'STAY'):0.0
((0, 0, 0, 0, 0, 0, 0, 1, 0, 0, 0, 0, 0, 0, 0.5, 0.5, 1, 0, 0), 'DOWN'):0.0
((0, 0, 0, 1, 0, 0, 0, 1, 0, 0, 0, 0, 0, 0, 0, 0, 0, 1, 0), 'UP'):12.772133963789264
((1, 0, 0, 0, 0, 1, 1, 0, 3, 1, 0, 0, 0, 0, 0, 0, 0, 0, 0), 'STAY'):0.0
((0, 0, 0, 0, 0, 1, 1, 0, 0, 0, 0, 0, 1, 0, 0, 0, 0, 1, 0), 'STAY'):0.0
((0, 0, 0.5, 0, 0, 0, 0, 0, 0, 0, 0, 0, 1, 0, 1, 1, 0, 0, 3), 'DOWN'):0.0
((1, 1, 0, 0, 0, 0, 0, 0, 0, 0, 0, 0, 1, 0, 0.5, 0.5, 0.5, 0, 0), 'RIGHT'):1.0
((0, 0, 0, 0, 0, 0, 0, 0, 0, 0, 0, 0, 0, 0, 1, 1, 0, 0, 0), 'RIGHT'):0.0
((0, 0, -1, 0, 1, 0, 0, 1, 3, 0, 0, 0, 0, 0), 'DOWN'):0.0
((1, 1, 0, 0, 0, 0, 0, 1, 0, 0, 0, 0, 1, 0, 0, 0, 0, 0, 0), 'DOWN'):0.0
((0, 0, 0, 0, 0, 0, 0, 0, 0, 0, 1, 1, 0, 3, 0, 0, 1, 0, 3), 'RIGHT'):0.0
((0, 1, 0, 0, 0, 0, 0, 0, 0, 1, 1, 0, 1, 0, 0, 0, 0, 1, 0), 'RIGHT'):0.0
((1, 0, 0, 0, 0, 0, 0, 0, 0, 1, 1, 1, 0, 3, 1, 1, 0, 0, 3), 'DOWN'):0.0
((0, 0, 0, 0, 0, 0, 0, 1, 0, 0, 0, 0, 0, 3, 1, 1, 1, 1, 3), 'UP'):0.0
((1, 1, -1, 1, 0, 0, 0, 1, 0, 0, 0, 1, 1, 0), 'LEFT'):0.0
((1, 0, 0, 0, 0, 0, 0, 0, 0, 0, 0, 0, 1, 0, 0, 0, 0, 0, 0), 'DOWN'):0.0
((0, 0, 0, -1, 0, 0, 0, 0, 0, 0, 0, 0, 1, 1, 0, 0), 'LEFT'):0.0
((0, 0, 0, 0, 0, 0, 1, 1, 0, 0, 0, 0, 1, 0, 0, 0, 0, 0, 0), 'RIGHT'):1.0
((0, 0, 0, 0, 0, 0, 0, 1, 0, 0, 1, 1, 1, 3, 0, 0, 0, 1, 3), 'UP'):0.0
((0, 0, 0, 0, 0, 0, 0, 1, 0, 1, 0, 0, 0, 3, 1, 1, 1, 1, 3), 'DOWN'):0.0
((1, 0, 0, 0, 0, 0, 0, 0, 0, 1, 1, 0, 0, 3, 1, 1, 0, 0, 3), 'DOWN'):0.0
((0, 0, 0, 0, 0, 0, 0, 0, 0, 0, 0, 1, 0, 0, 0, 0, 0, 1, 0), 'UP'):2.9
((0, 1, 0, 0, 0, 0, 0, 1, 0, 0, 0, 0, 0, 0, 0, 0, 0, 1, 0), 'UP'):5.167999999999999
((0, 0, 0, 0, 0, 0, 0, 1, 0, 1, 0, 0, 0, 0, 0.5, 0.5, 1, 0, 0), 'UP'):2.0
((0, 0, 0, 0, 0, 0, 0, 0, 0, 0, 0, 0, 0, 0, 0, 0, 0, 0, 0), 'DOWN'):10.621976194616867
((1, 0, 0, 0, 0, 0, 0, 0, 0, 1, 1, 1, 0, 3, 0, 1, 1, 0, 3), 'RIGHT'):1.0
((0, 0, 0, 0, 0, 0, 0, 0, 0, 0, 0, 0, 0, 3, 1, 1, 0, 0, 3), 'STAY'):0.0
((1, 0, 0, 0, 0, 0, 0, 0, 0, 1, 1, 0, 0, 3, 1, 1, 0, 0, 3), 'UP'):0.0
((0, 0, 0, 0, 0, 0, 0, 0, 0, 0, 1, 1, 1, 0, 0, 0, 0, 1, 0), 'DOWN'):0.0
((0, 0, 1, 0, 0, 0, 0, 1, 0, 0, 0, 0, 1, 0, 0, 0, 0, 0, 0), 'LEFT'):0.0
((0, 0, 0, 0, 0, 1, 1, 0, 3, 0, 0, 0, 0, 0, 0, 0, 0, 0, 0), 'LEFT'):0.0
((0, 0, 0, 0, 0, 0, 0, 0, 0, 0, 0, 0, 1, 0, 1, 0, 0, 0, 3), 'STAY'):0.0
((0, 0, 0, 0, 0, 0, 0, 1, 0, 1, 1, 0, 1, 0, 0, 0, 0, 1, 0), 'STAY'):0.0
((0, 0, 0, 1, 0, 0, 0, 0, 0, 0, 0, 0, 0, 0, 0, 0, 0, 1, 0), 'STAY'):0.0
((0, 0, 0, 0, 0, 0, 0, 1, 0, 0, 0, 0, 1, 0, 0, 0, 1, 0, 0), 'UP'):0.0
((0, 0, 0, 0, 0, 0, 0, 0, 0, 0, 1, 1, 1, 0, 0, 0, 0, 1, 0), 'UP'):6.344536088000001
((0.5, 0, 0, 0, 0, 0, 0, 0, 0, 0, 0, 0, 1, 0, 0, 0, 0, 1, 0), 'DOWN'):0.0
((1, 1, 0, 1, 0, 0, 0, 0, 3, 0, 0, 1, 0, 3, 0, 1, 1, 0, 0), 'DOWN'):0.0
((0, -1, 0, 0, 0, 0, 1, 0, 0, 1, 1, 0, 0, 0, 1, 0), 'UP'):2.0
((0, 0, 0, 0, 1, 0, 0, 0, 0, 0, 1, 1, 1, 0, 0, 0, 0, 1, 0), 'DOWN'):0.0
((1, 0, 0, 0, 0, 0, 0, 1, 0, 0, 0, 0, 1, 0, 1, 1, 0, 0, 0), 'STAY'):0.0
((0, 0, 1, 0, 0, 0, 0, 1, 0, 0, 0, 0, 1, 0, 0, 0, 0, 0, 0), 'DOWN'):0.0
((0, 0, 0, 0, 0, 0, 1, 0, 0, 0, 0, 0, 0, 0, 0, 0, 0, 1, 0), 'DOWN'):0.0
((0, 0, 0, 0, 0, 0, 0, 1, 0, 0, 0, 0, 0, 0, 1, 0, 0, 1, 0), 'UP'):0.0
((0, 0, 0, 0, 0, 0, 0, 0, 0, 1, 1, 0, 0, 3, 0, 0, 1, 0, 3), 'RIGHT'):0.0
((0, 0, 0, 0, 0, 0, 0, 0, 0, 0.5, 0.5, 1, 0, 0, 0, 0, 1, 0, 2), 'RIGHT'):1.0
((0, 0, 0, 0, 0, 0, 0, 0, 0, 0, 1, 1, 0, 3, 0, 0, 1, 0, 3), 'DOWN'):0.0
((0, 1, 0, 0, 0, 0, 0, 1, 0, 1, 0, 0, 1, 0, 0, 0, 0, 0, 0), 'UP'):2.0
((0, 0, 0, 0, 0, 0, 0, 0, 0, 0, 0, 0, 0, 3, 1, 1, 0, 0, 3), 'RIGHT'):0.0
((0, 0, 0, 0, 0, 0, 0, 0, 0, 0, 0, 0, 1, 0, 0, 0, 1, 1, 0), 'UP'):12.497414336722372
((0, 0, 0, 0, 0, 0, 0, 1, 0, 0, 0, 0, 0, 0, 0, 1, 1, 0, 3), 'STAY'):0.0
((1, 0, 0, -1, 0, 0, 1, 3, 1, 0, 0, 0, 0, 0, 0, 0), 'STAY'):0.0
((0, 0, 0, 0, 0, 1, 1, 0, 3, 1, 0.5, 0.5, 1, 0, 0, 0, 0, 0, 0), 'LEFT'):0.0
((0, 0, 0, 0, 1, 1, 0, 1, 0, 0, 0, 0, 1, 0, 0, 1, 1, 0, 0), 'DOWN'):0.0
((1, 0, 0, 0, 0, 0, 0, 0, 0, 0, 0, 0, 1, 0, 0, 0, 0, 0, 0), 'UP'):0.0
((0, 0, 0, 0, 0, 0, 0, 0, 0, 0, 1, 1, 1, 0, 0, 0, 0, 0, 0), 'STAY'):0.0
((0, 0, 0, 0, 0, 0, 0, 0, 0, 0, 1, 1, 1, 0, 0, 0, 0, 1, 0), 'STAY'):0.0
((1, 0, 0, 0, 1, 0, 0, 1, 0, 0, 0, 0, 1, 0, 0, 0, 0, 0, 0), 'DOWN'):0.0
((0, 0, 0, 0, 0, 0, 0, 0, 0, 1, 0, 0, 1, 0, 0, 1, 1, 1, 0), 'UP'):2.0
((0, 0, 0, 0, 0, 0, 0, 0, 0, 0, 0, 0, 0, 0, 0, 0, 0, 0, 0), 'STAY'):9.658174416568595
((0.5, 0, 0, 0, 0, 0, 0, 1, 0, 0, 0, 0, 0, 0, 0, 0, 0, 0, 0), 'RIGHT'):0.0
((1, 1, 0, 1, 0, 0, 0, 1, 0, 0, 0, 0, 0, 0, 0, 1, 1, 1, 3), 'RIGHT'):0.0
((1, 0, 0, 0, 0, 0, 0, 0, 0, 0, 0, 0, 0, 0, 0, 0, 0, 0, 0), 'RIGHT'):0.0
((0, 0, 0, 0, 1, 0, 0, 0, 0, 0, 0, 0, 1, 0, 0, 0, 0, 1, 0), 'LEFT'):0.0
((1, 0, 0, 0, 0, 0, 0, 0, 0, 0, 0, 0, 0, 0, 0, 1, 1, 1, 0), 'STAY'):0.0
((0, 0, 0, 0, 0, 0, 1, 1, 0, 0, 0, 0, 1, 0, 0, 0, 0, 0, 0), 'STAY'):0.0
((0, 0, 0, 0, 0, 0, 0, 0, 0, 1, 1, 0, 1, 0, 0, 0, 0, 1, 0), 'STAY'):1.8
((0, 0, 0, -1, 1, 1, 1, 3, 0, 0, 1, 3, 1, 0, 0, 0), 'DOWN'):0.0
((0, 0, 0, 0, 0, 0, 0, 0, 0, 0, 0, 0, 0, 0, 0, 0, 0, 1, 0), 'LEFT'):11.248030645875696
((0, 0, 0, 0, 0, 0, 0, 0, 0, 0, 0, 1, 0, 3, 1, 1, 0, 0, 3), 'UP'):3.8
((0, 0, 0, 0, 1, 0, 0, 1, 0, 1, 0, 0, 0, 0, 0, 0, 0, 0, 0), 'STAY'):0.0
((0, 0, 0, 0, 0, 0, 0, 1, 0, 0, 0, 0, 0, 0, 0, 0, 0, 0, 3), 'UP'):6.551342761796182
((1, 0, 0, 0, 0, 1, 1, 0, 3, 0, 0, 0, 0, 0, 0, 0, 0, 0, 0), 'RIGHT'):0.0
((0, 0, 0, 0, 0, 0, 0, 1, 0, 0, 0, 0, 0, 0, 1, 1, 1, 1, 3), 'STAY'):0.0
((0, 0, 1, 1, 0, 0, 0, 1, 0, 0, 0, 0, 0, 0, 0, 0, 0, 0, 0), 'RIGHT'):0.0
((0, 0, 0, 0, 0, 0, 0, 1, 0, 0, 0, 0, 0, 0, 1, 1, 1, 0, 2), 'LEFT'):0.0
((0, 0, 0, 0, 1, 1, 0, 1, 0, 0, 0, 0, 0, 0, 1, 1, 0, 1, 0), 'DOWN'):0.0
((1, 0, 0, 0, 0, 0, 0, 1, 0, 0, 0, 0, 0, 0, 0, 0, 0, 1, 0), 'RIGHT'):2.71
((0, 0, 0, -1, 0, 0, 0, 0, 1, 0, 0, 0, 0, 0, 1, 0), 'UP'):2.0
((1, 0, 0, 0, 0, 0, 0, 0, 0, 0, 0, 0, 1, 0, 0, 0, 1, 1, 0), 'UP'):-1000.0
((0, 0, 0, 0, 0, 0, 0, 0, 3, 1, 0, 0, 0, 3, 0, 0, 0, 0, 0), 'RIGHT'):0.0
((0, 0, 0, 0, 0, 1, 1, 0, 0, 0, 0, 0, 1, 0, 0, 0, 0, 1, 0), 'DOWN'):0.0
((0, 0, 0, 0, 0, 0, 0, 0, 0, 0, 0, 0, 1, 0, 0, 0, 0, 1, 0), 'DOWN'):0.0
((1, 0, 0, 0, 0, 0, 0, 1, 0, 0, 0, 0, 1, 0, 0, 0, 0, 0, 0), 'STAY'):0.0
((0, 0, 0, 0, 0, 0, 0, 0, 0, 1, 1, 1, 0, 3, 0, 0, 1, 0, 3), 'RIGHT'):0.0
((0, 0, 0, 0, 0, 0, 0, 1, 0, 1, 1, 1, 0, 3, 1, 1, 0.5, 1, 1), 'UP'):2.0
((0, 0, 0, 0, 0, 0, 0, 0, 0, 0, 0, 1, 1, 0, 0, 0, 0, 1, 0), 'RIGHT'):12.42629529310879
((0, 0, 0, 0, 1, 0, 0, 1, 0, 0, 1, 1, 1, 0, 0, 0, 0, 0, 0), 'LEFT'):0.0
((0, 1, 0, 1, 0, 0, 0, 0, 0, 0, 0, 0, 1, 0, 0, 0, 0, 1, 0), 'LEFT'):0.0
((1, 1, 0, 0, 1, 1, 1, 0, 3, 0, 0, 0, 1, 3, 0, 0, 0, 0, 0), 'DOWN'):0.0
((0, 0, 0, 0, 0, 0, 0, 1, 0, 1, 0, 0, 0, 0, 0, 0, 0, 0, 0), 'STAY'):0.0
((0, 0, 0, 0, 1, 0, 0, 0, 3, 1, 0, 0, 1, 3, 0, 0, 0, 0, 0), 'RIGHT'):0.0
((0, 0, 0, 0, 0, 0, 0, 1, 0, 0, 0, 0, 0, 0, 1, 1, 1, 0, 3), 'LEFT'):1.0
((1, 0, 0, 0, 0, 0, 0, 0, 0, 0, 0, 0, 1, 0, 0, 0, 0, 0, 0), 'RIGHT'):0.0
((0, 0, 0, -1, 0, 0, 0, 0, 0, 0, 1, 0, 0, 0, 1, 0), 'UP'):2.0
((0, 1, 0, 0, 1, 1, 0, 0, 0, 0, 0, 0, 1, 0, 0, 0, 0, 1, 0), 'UP'):14.29741433672237
((0, 0, 0, -1, 0, 0, 1, 0, 0, 0, 1, 0, 0, 0, 0, 0), 'LEFT'):4.419999999999999
((0, 0, 0, 0, 1, 0, 0, 0, 3, 1, 0, 0, 1, 3, 0, 0, 0, 0, 0), 'STAY'):0.0
((1, 1, 0, 1, 0, 0, 0, 0, 3, 0, 0, 0, 0, 3, 1, 0, 0, 0, 0), 'UP'):0.0
((0, 0, 0, -1, 0, 0, 1, 0, 1, 1, 1, 3, 0, 0, 1, 3), 'UP'):2.0
((0, 0, 0, 0, 0, 0, 0, 0, 0, 1, 1, 1, 0, 1, 1, 1, 1, 0, 3), 'LEFT'):0.0
((0, 0, 0, 0, 0, 0, 0, 0, 0, 1, 1, 0, 1, 0, 0, 0, 0, 1, 0), 'DOWN'):0.0
((1, 0, 0, 0, 1, 0, 0, 1, 0, 0, 0, 0, 1, 0, 0, 0, 0, 0, 0), 'STAY'):0.0
((1, 1, 0, 1, 0, 0, 0, 0, 0, 0, 0, 0, 0, 0, 0, 0, 0, 0, 0), 'UP'):2.0
((1, 0, 0, 0, 0, 1, 1, 0, 3, 0, 0, 0, 0, 0, 0, 0, 0, 0, 0), 'STAY'):0.0
((0, 0, 0, 0, 0, 0, 0, 0, 0, 1, 1, 1, 1, 3, 0.5, 0.5, 0.5, 0, 2), 'RIGHT'):0.0
((0, 0, 0, 0, 0, 0, 0, 1, 0, 0, 0, 0, 0, 0, 1, 1, 0, 0, 3), 'DOWN'):0.0
((0.5, 0, 0, 0, 0, 0, 0, 0, 0, 0, 0, 0, 1, 0, 0, 0, 0, 1, 0), 'STAY'):0.0
((0, 0, 0, 0, 0, 0, 0, 1, 0, 1, 0, 0, 1, 0, 0, 0, 0, 0, 0), 'DOWN'):0.0
((0, 0, 0.5, 0, 0, 0, 0, 0, 0, 0, 0, 0, 1, 0, 1, 1, 0, 0, 3), 'RIGHT'):0.0
((0, 0, 0, -1, 0, 0, 0, 0, 0, 1, 0, 0, 0, 0, 1, 0), 'LEFT'):0.0
((0, 0, 0, 0, 0, 0, 0, 1, 0, 0, 0, 0, 0, 0, 1, 1, 1, 0, 3), 'UP'):2.0
((1, 0, 0, 0, 0, 0, 0, 0, 0, 0, 0, 0, 1, 0, 1, 0, 0, 0, 3), 'UP'):-1000.0
((1, 0.5, 0, 0.5, 0, 0, 0, 0, 0, 0, 0, 0, 0, 0, 0, 0, 0, 1, 0), 'UP'):0.0
((0, 0, 0, 0, 1, 1, 0, 0, 0, 0, 0, 0, 0, 0, 0, 0, 0, 0, 0), 'LEFT'):2.62
((1, 0, 0, 0, 0, 0, 0, 1, 0, 1, 0, 0, 0, 3, 1, 0, 0, 1, 3), 'STAY'):0.0
((1, 0, 0, 0, 0, 0, 0, 0, 3, 0, 0, 1, 0, 0, 0, 0, 0, 0, 0), 'DOWN'):0.0
((0, 0, 0, 0, 0, 1, 1, 0, 3, 1, 0.5, 0.5, 1, 0, 0, 0, 0, 0, 0), 'UP'):2.0
((0, 0, 0, 0, 1, 1, 0, 0, 0, 0.5, 0.5, 1, 0, 0, 0, 0, 0, 0, 3), 'UP'):2.0
((1, -1, 0, 0, 0, 0, 1, 0, 0, 0, 1, 0, 0, 0, 0, 0), 'STAY'):0.0
((0, 0, 0, 0, 0, 0, 0, 0, 0, 0, 0, 0, 0, 0, 0, 1, 1, 1, 0), 'RIGHT'):1.0
((0, 0, 0, 0, 0, 0, 0, 1, 0, 0, 0, 0, 0, 0, 0, 0, 0, 0, 3), 'LEFT'):0.0
((0, 0, 0, 0, 0, 0, 1, 0, 0, 0, 0, 0, 0, 0, 0, 0, 0, 1, 0), 'RIGHT'):0.0
((1, 0, 0, 0, 0, 1, 1, 1, 0, 0, 0, 0, 1, 0, 0, 0, 0, 0, 0), 'STAY'):0.0
((0, 0, 0, 0, 0, 0, 0, 0, 0, 0, 0, 0, 0, 0, 1, 1, 0, 0, 0), 'STAY'):0.0
((0, 0, 0, 0, 0, 0, 0, 1, 0, 0, 1, 1, 1, 0, 0, 0, 0, 0, 0), 'LEFT'):0.0
((0, 0, 0, 0, 0, 0, 0, 0, 0, 1, 1, 1, 1, 3, 0.5, 0.5, 0.5, 0, 2), 'LEFT'):0.0
((1, 1, 0, 1, 0, 0, 0, 0, 0, 0, 0, 0, 1, 0, 0, 0, 0, 0, 0), 'RIGHT'):1.0
((0, 0, 0, 0, 1, 1, 0, 1, 0, 0, 0, 0, 0, 0, 1, 1, 0, 1, 0), 'STAY'):0.0
((0, 1, 0, 0, 0, 0, 0, 0, 0, 0, 0, 0, 1, 0, 0, 0, 0, 1, 0), 'RIGHT'):0.0
((0, 0, 0, 0, 0, 0, 0, 1, 0, 0, 0, 0, 0, 0, 1, 1, 1, 0, 2), 'RIGHT'):0.0
((1, 0, 0, 0, 1, 1, 1, 0, 3, 0, 0, 0, 1, 0, 0, 0, 0, 0, 0), 'UP'):-1000.0
((0, 0, 0, 0, 0, 0, 0, 0, 0, 1, 1, 0, 0, 3, 0, 0, 1, 0, 3), 'UP'):3.8
((1, -1, 0, 0, 0, 0, 1, 0, 0, 0, 1, 0, 0, 0, 0, 0), 'DOWN'):0.0
((0, -1, 0, 0, 0, 0, 0, 0, 1, 1, 1, 0, 0, 0, 1, 0), 'STAY'):0.0
((0, 0, 0, 0, 0, 0, 0, 0, 0, 0, 1, 1, 0, 0, 0, 0, 0, 0, 0), 'LEFT'):0.0
((0, 0, 0, 0, 0, 0, 0, 0, 0, 0, 0, 0, 0, 3, 1, 1, 0, 0, 3), 'UP'):0.0
((0, 0, 0, 0, 0, 0, 0, 1, 0, 0, 0, 0, 0, 0, 0, 1, 1, 0, 3), 'LEFT'):0.0
((0, 0, 0, 0, 0, 0, 0, 0, 0, 1, 0, 0, 0, 3, 0, 0, 0, 0, 3), 'LEFT'):0.0
((0, 0, 0, 0, 0, 0, 0, 0, 0, 1, 0, 0, 1, 0, 0, 0, 0, 1, 0), 'DOWN'):0.0
((0, 0, 0, 0, 0, 0, 0, 0, 0, 0, 0, 0, 1, 0, 1, 0, 0, 1, 0), 'DOWN'):0.0
((0, 0, 0, 0, 1, 1, 0, 0, 3, 1, 0, 0, 0, 3, 0, 0, 1, 0, 0), 'RIGHT'):0.0
((0, 0, 0, 0, 0, 0, 0, 0, 3, 0, 0, 0, 0, 3, 1, 1, 0, 0, 0), 'RIGHT'):0.0
((1, 0, 0, 0, 0, 0, 1, 0, 0, 0, 0, 0, 0, 0, 0, 0, 1, 1, 0), 'RIGHT'):0.0
((0, 0, 0, 0, 0, 0, 0, 0, 0, 0, 0, 0, 1, 0, 1, 1, 1, 0, 3), 'RIGHT'):12.521976194616865
((1, 0, 0, 0, 0, 0, 0, 1, 0, 0, 0, 0, 1, 0, 1, 1, 0, 0, 0), 'UP'):-1000.0
((1, 1, 0, 1, 0, 0, 0, 0, 0, 0, 0, 0, 0, 0, 0, 0, 0, 1, 0), 'STAY'):0.0
((0, 0, 1, 0, 0, 0, 0, 0, 0, 0, 0, 0, 0, 0, 0, 0, 0, 0, 0), 'STAY'):0.0
((0, 0, -1, 1, 0, 0, 0, 1, 0, 0, 0, 0, 0, 0), 'DOWN'):0.0
((0, 0, 0, 0, 0, 1, 1, 1, 0, 0, 0, 0, 0, 0, 0, 1, 1, 1, 0), 'LEFT'):0.0
((0, 0, 0, 1, 0, 0, 0, 1, 0, 0, 0, 0, 0, 0, 0, 0, 0, 0, 0), 'UP'):0.0
((0, 0, 0, 0, 0, 0, 0, 0, 0, 0, 0, 0, 0, 0, 1, 1, 0, 1, 0), 'DOWN'):0.0
((1, 0, 0, 0, 0, 1, 1, 1, 0, 0, 0, 0, 1, 0, 0, 0, 0, 0, 0), 'DOWN'):0.0
((0, 0, 0, 0, 1, 1, 1, 0, 3, 1, 1, 1, 0, 0, 0, 0, 0, 0, 0), 'LEFT'):0.0
((0, 0, 0, 0, 0, 0, 0, 0, 0, 0, 0, 1, 1, 0, 0, 0, 0, 0, 0), 'LEFT'):0.0
((0, 1, 1, 1, 0, 0, 0, 1, 0, 0, 0, 0, 0, 0, 0, 0, 0, 0, 0), 'UP'):-1000.0
((0, 0, 0, 0, 0, 1, 1, 1, 0, 0, 0, 0, 0, 0, 0, 1, 1, 1, 0), 'UP'):0.0
((0, 0, 0, 0, 1, 0, 0, 0, 0, 0, 0, 0, 0, 0, 0, 0, 0, 0, 0), 'RIGHT'):0.0
((0, 0, 0, -1, 0, 0, 0, 0, 0, 0, 0, 0, 1, 1, 0, 0), 'DOWN'):0.0
((0, 0, 0, 1, 0, 0, 0, 1, 0, 0, 0, 0, 0, 0, 0, 0, 0, 0, 0), 'DOWN'):0.0
((0, 0, 0, -1, 0, 0, 1, 0, 0, 0, 1, 0, 0, 0, 0, 0), 'UP'):5.42
((1, 0, 0, 0, 0, 0, 0, 1, 0, 0, 0, 0, 1, 0, 0, 0, 0, 0, 0), 'LEFT'):4.848472000000001
((1, 1, 0, 1, 0, 0, 0, 0, 0, 0, 0, 0, 0, 0, 0, 0, 0, 0, 0), 'STAY'):0.0
((0, 0, -1, 0, 0, 0, 0, 0, 0, 0, 0, 0, 1, 0), 'RIGHT'):1.0
((0, 0, 0, 0, 0, 0, 0, 0, 0, 1, 1, 1, 0, 1, 1, 1, 1, 0, 3), 'RIGHT'):0.0
((1, 0.5, 0, 0.5, 0, 0, 0, 0, 0, 0, 0, 0, 0, 0, 0, 0, 0, 1, 0), 'RIGHT'):0.0
((0, 0, 0, -1, 0, 0, 1, 0, 0, 0, 0, 0, 0, 0, 0, 0), 'LEFT'):1.0
((0, 0, 0, 0, 0, 0, 0, 1, 0, 1, 0, 0, 0, 0, 0.5, 0.5, 1, 0, 0), 'STAY'):0.0
((0, 0, 0, 0, 0, 0, 0, 0, 0, 0, 0, 1, 1, 0, 0, 0, 0, 0, 0), 'STAY'):0.0
((1, 1, 0, 1, 0, 0, 0, 0, 0, 0, 0, 0, 0, 0, 0, 0, 0, 0, 0), 'RIGHT'):0.0
((1, 1, 0, 0, 0, 0, 0, 1, 0, 0, 0, 0, 1, 0, 0, 0, 0, 0, 0), 'RIGHT'):0.0
((0, 0, 0, 0, 0, 0, 0, 0, 0, 0, 0, 1, 0, 0, 0, 0, 0, 1, 0), 'RIGHT'):1.0
((0, 0, 0, 0, 0, 0, 0, 0, 0, 0, 0, 0, 0, 0, 0, 1, 1, 1, 0), 'UP'):0.0
((1, 0, 0, 0, 0, 0, 0, 0, 3, 1, 1, 0, 0, 0, 0, 0, 0, 0, 0), 'UP'):-1000.0
((0, 0, 0, 0, 0, 0, 0, 0, 0, 1, 1, 1, 1, 3, 1, 0.5, 0.5, 0, 1), 'DOWN'):0.0
((0, 0, -1, 0, 0, 0, 0, 1, 0, 0, 0, 0, 0, 0), 'STAY'):8.825665763797913
((1, 0, 0, 0, 0, 0, 0, 1, 3, 0, 0, 0, 0, 0, 0, 0, 0, 1, 0), 'RIGHT'):0.0
((0, 0, 0, 0, 0, 0, 0, 1, 0, 0, 0, 0, 0, 0, 1, 1, 0, 1, 0), 'UP'):12.005308042619246
((0, 0.5, 0, -1, 0, 0, 0, 0, 0, 0, 0, 0, 0, 0, 0, 0), 'LEFT'):0.0
((0, 0, 0, 0, 0, 0, 0, 0, 0, 0, 0, 0, 0, 3, 1, 1, 0, 0, 3), 'DOWN'):0.0
((0, 0, 0, 0, 1, 1, 0, 0, 0, 0.5, 0.5, 1, 0, 0, 0, 0, 0, 0, 3), 'LEFT'):0.0
((0, 0, 0, 0, 0, 0, 0, 0, 0, 0, 1, 1, 0, 3, 1, 1, 1, 0, 3), 'LEFT'):0.0
((0, 0, 1, 0, 0, 0, 0, 0, 0, 0, 0, 0, 1, 0, 0, 0, 0, 0, 0), 'UP'):2.0
((0, 1, 0, 1, 0, 0, 0, 1, 0, 0, 0, 0, 0, 0, 1, 0, 0, 0, 3), 'RIGHT'):0.0
((1, -1, 0, 0, 0, 0, 1, 0, 0, 0, 1, 0, 0, 0, 0, 0), 'UP'):-1000.0
((1, 0, 0, 0, 0, 0, 0, 0, 0, 0, 0, 0, 0, 0, 0, 0, 0, 1, 0), 'STAY'):0.0
((0, 0, 0, 0, 0, 0, 0, 1, 0, 0, 0, 0, 0, 0, 1, 1, 0, 1, 0), 'DOWN'):0.0
((0, 1, 0, 1, 0, 0, 0, 1, 0, 0, 0, 1, 1, 0, 0, 0, 0, 1, 0), 'RIGHT'):0.0
((0, 0, 0, -1, 0, 0, 1, 0, 1, 0, 0, 0, 0, 0, 1, 0), 'STAY'):0.0
((0, 0, 0, 0, 0, 0, 0, 0, 0, 1, 1, 1, 1, 3, 1, 1, 1, 0, 3), 'STAY'):0.0
((0, 0, 0, 0, 0, 0, 0, 1, 0, 0, 1, 1, 1, 3, 0, 0, 0, 1, 3), 'STAY'):0.0
((1, 1, 0, 0, 0, 0, 0, 0, 0, 0, 0, 0, 1, 0, 0, 0, 0, 0, 3), 'DOWN'):0.0
((0, 0, 0, 0, 0, 0, 0, 1, 0, 0, 0, 0, 1, 0, 1, 1, 1, 1, 3), 'UP'):2.0
((0.5, 0, 0, 0, 0, 0, 0, 1, 0, 0, 0, 0, 0, 0, 0, 0, 0, 0, 0), 'STAY'):0.0
((0, 0, 0, 0, 0, 0, 0, 0, 0, 0, 0, 0, 1, 0, 1, 0, 0, 1, 0), 'UP'):0.0
((0, 0, 0, 0, 0, 0, 0, 1, 0, 0, 0, 0, 0, 0, 1, 1, 1, 1, 3), 'UP'):3.8
((1, 1, -1, 1, 0, 0, 0, 1, 0, 0, 0, 0, 1, 0), 'STAY'):0.0
((0, 0, 0, 0, 0, 0, 0, 1, 0, 0, 0, 0, 1, 0, 0, 0, 0, 0, 0), 'UP'):2.0
((0, 0, 0, 0, 0, 0, 0, 1, 0, 1, 0, 0, 1, 0, 0, 0, 0, 0, 0), 'RIGHT'):14.734581218630735
((1, 0, 0, 0, 0, 0, 0, 1, 0, 0, 0, 0, 0, 0, 0, 0, 0, 1, 0), 'LEFT'):0.0
((0, 1, 0, 1, 0, 0, 0, 0, 0, 0, 0, 0, 0, 0, 0, 0, 0, 1, 0), 'UP'):0.0
((0, 0, 0, 0, 0, 0, 0, 0, 0, 1, 0, 0, 1, 0, 1, 0, 0, 0, 0), 'UP'):0.0
((0, 0, 0, 0, 0, 0, 0, 0, 0, 1, 1, 1, 1, 3, 0.5, 0.5, 0.5, 0, 2), 'DOWN'):0.0
((1, 0, 0, 0, 0, 0, 0, 0, 0, 0, 0, 0, 1, 0, 0, 0, 0, 1, 0), 'LEFT'):0.0
((1, 1, 0, 1, 0, 0, 0, 1, 0, 0, 0, 0, 0, 0, 0, 1, 1, 1, 3), 'DOWN'):-1000.0
((0, 1, 0, 0, 1, 1, 0, 0, 0, 0, 0, 0, 1, 0, 0, 0, 0, 1, 0), 'STAY'):0.0
((0, 0, 0, 1, 0, 0, 0, 1, 0, 0, 0, 0, 0, 0, 0, 0, 0, 1, 0), 'LEFT'):0.0
((0, 0, -1, 0, 1, 0.5, 0.5, 1, 0, 0, 0, 0, 0, 0), 'LEFT'):0.0
((0, 0, 0, 0, 0, 0, 0, 1, 0, 0, 0, 0, 1, 0, 1, 1, 1, 1, 3), 'DOWN'):0.0
((0, 0, 0, 0, 0, 0, 0, 0, 0, 0, 0, 0, 1, 0, 1, 1, 0, 1, 0), 'RIGHT'):0.0
((0, 0, 0, 0, 0, 0, 0, 0, 3, 1, 0, 0, 0, 3, 0, 0, 0, 0, 0), 'STAY'):0.0
((0, 1, 0, 1, 0, 0, 0, 0, 0, 0, 0, 0, 1, 0, 0, 0, 0, 1, 0), 'UP'):12.611452732477616
((0, 0, -1, 0, 0, 0, 0, 1, 0, 0, 0, 0, 0, 0), 'RIGHT'):0.0
((0, 0, 0, -1, 1, 1, 1, 3, 0, 0, 1, 3, 1, 0, 0, 0), 'STAY'):0.0
((0, 0, 0, 0, 0, 1, 1, 0, 0, 0, 0, 0, 0, 0, 0, 0, 0, 0, 0), 'UP'):0.0
((0, -1, 0, 0, 0, 0, 0, 0, 0, 0, 1, 0, 0, 0, 1, 0), 'RIGHT'):0.0
((0, 0, 0, 0, 0, 0, 0, 0, 0, 0, 0, 0, 1, 0, 1, 1, 0, 1, 0), 'STAY'):0.0
((1, 0, -1, 0, 0, 0, 0, 0, 0, 0, 0, 0, 1, 0), 'STAY'):0.0
((0, 0, 0, 0, 0, 0, 0, 0, 0, 1, 1, 0, 0, 0, 1, 1, 0, 1, 0), 'RIGHT'):0.0
((0, 0, 0, 0, 0, 0, 0, 1, 0, 0, 0, 0, 0, 0, 0, 0, 1, 1, 0), 'LEFT'):13.278167238357321
((0, 0, 0, 0, 0, 0, 0, 0, 0, 0, 0, 0, 1, 0, 1, 0, 0, 1, 0), 'RIGHT'):0.0
((0, 1, 0, 1, 0, 0, 0, 0, 0, 0, 0, 0, 1, 0, 0, 0, 0, 1, 0), 'DOWN'):0.0
((0, 0, 0, 0, 0, 0, 0, 1, 0, 0, 0, 0, 0, 0, 1, 1, 1, 1, 3), 'RIGHT'):0.0
((0, 0, 0, 0, 0, 0, 0, 0, 0, 0, 0, 0, 1, 0, 1, 1, 1, 0, 3), 'DOWN'):0.0
((0, 0, 0, 0, 0, 0, 0, 1, 0, 0, 0, 0, 1, 0, 0, 1, 1, 0, 0), 'DOWN'):0.0
((0, 0, 0, 0, 0, 0, 0, 0, 3, 0, 0, 0, 0, 1, 0, 0, 0, 0, 0), 'STAY'):0.0
((1, 1, 0, 1, 0, 0, 0, 0, 3, 0, 0, 1, 0, 3, 0, 1, 1, 0, 0), 'STAY'):0.0
((0, -1, 0, 0, 1, 1, 1, 0, 0, 0, 1, 0, 0, 0, 0, 0), 'UP'):2.0
((0, 0, 0, 0, 0, 0, 0, 0, 0, 0, 1, 1, 1, 0, 0, 0, 0, 0, 0), 'DOWN'):0.0
((0.5, 0, 0, 1, 1, 1, 1, 0, 3, 1, 1, 0.5, 1, 1, 0, 0, 0, 0, 0), 'DOWN'):0.0
((1, 0, 0, 0, 0, 0, 0, 1, 0, 0, 0, 0, 1, 0, 1, 1, 0, 0, 0), 'LEFT'):0.0
((0, -1, -1, -1, 0, 0, 0, 0, 0), 'RIGHT'):0.0
((0.5, 1, -1, 1, 0, 0, 0, 1, 0, 1, 1, 0, 1, 0), 'RIGHT'):0.0
((0, 0, 0, 0, 0, 0, 0, 0, 0, 0, 0, 0, 1, 0, 0, 0, 0, 0, 3), 'DOWN'):0.0
((0, 0, 0, 0, 0, 0, 0, 0, 0, 0, 0, 0, 0, 0, 0, 0, 1, 0, 0), 'UP'):0.0
((1, 0, 0, 0, 0, 0, 0, 0, 0, 1, 1, 1, 0, 3, 0, 1, 1, 0, 3), 'UP'):0.0
((0, 0, -1, 0, 1, 0, 0, 1, 3, 0, 0, 0, 0, 0), 'STAY'):0.0
((1, 0, 0, 0, 0, 0, 0, 0, 0, 1, 0, 0, 0, 0, 0, 1, 1, 1, 0), 'DOWN'):0.0
((0, 0, 0, 0, 0, 0, 0, 0, 3, 1, 1, 0, 0, 3, 0, 0, 0, 0, 0), 'STAY'):0.0
((0, 0, 0, 0, 0, 0, 0, 1, 0, 0, 0, 0, 0, 3, 0, 0, 1, 1, 3), 'LEFT'):1.0
((1, 0, 0, 0, 0, 0, 0, 1, 0, 0, 0, 0, 1, 0, 1, 1, 0, 0, 0), 'RIGHT'):0.0
((0, 0, 0, 0, 0, 0, 0, 0, 0, 0, 0, 0, 1, 0, 1, 1, 0, 1, 0), 'DOWN'):0.0
((0, 0, 1, 0, 0, 0, 0, 1, 0, 0, 0, 0, 1, 0, 0, 0, 0, 0, 0), 'STAY'):0.0
((1, 0, 0, 0, 0, 0, 0, 0, 3, 0, 0, 1, 0, 0, 0, 0, 0, 0, 0), 'STAY'):0.0
((0, 0, 0, 0, 0, 0, 0, 1, 0, 0, 0, 0, 0, 0, 0, 0, 1, 1, 0), 'UP'):3.8
((0, 0, -1, 0, 0, 0, 0, 1, 0, 0, 0, 0, 1, 0), 'RIGHT'):0.0
((0, 0, 0, 0, 1, 0, 0, 0, 0, 0, 1, 1, 1, 0, 0, 0, 0, 1, 0), 'STAY'):0.0
((0, 0, 0, 0, 1, 1, 1, 1, 3, 1, 1, 1, 0, 3, 0, 0, 0, 1, 0), 'STAY'):0.0
((0, 0, 0, 0, 1, 1, 0, 0, 3, 1, 0, 0, 0, 3, 0, 0, 1, 0, 0), 'STAY'):0.0
((1, -1, -1, -1, 0, 0, 0, 0, 0), 'STAY'):-1000.0
((0, 0, 0.5, 0, 0, 0, 0, 1, 0, 0, 0, 0, 1, 0, 0, 0, 0, 0, 0), 'DOWN'):0.0
((1, 0, 0, 0, 0, 0, 0, 0, 0, 1, 0, 0, 0, 3, 1, 0, 0, 0, 3), 'RIGHT'):0.0
((1, 0, 0, 0, 0, 0, 0, 1, 0, 1, 1, 1, 0, 3, 1, 0.5, 0.5, 1, 0), 'DOWN'):0.0
((0, 0, 0, 0, 1, 0, 0, 0, 0, 0, 1, 1, 1, 0, 0, 0, 0, 1, 0), 'RIGHT'):0.0
((0, 0, 0, 0, 0, 0, 0, 1, 0, 1, 1, 0, 1, 0, 0, 0, 0, 1, 0), 'DOWN'):0.0
((0, 0, 0, 1, 0, 0, 0, 0, 0, 0, 0, 0, 0, 0, 0, 0, 0, 1, 0), 'UP'):12.731304907298439
((0, 0, 0, 0, 0, 0, 0, 0, 0, 0, 0, 0, 0, 0, 1, 1, 0, 1, 0), 'RIGHT'):0.0
((0, 0, 0, 0, 0, 0, 0, 1, 0, 1, 1, 0, 0, 0, 0, 0, 0, 1, 0), 'LEFT'):1.0
((1, 0, 0, 0, 0, 0, 0, 1, 3, 0, 0, 0, 0, 0, 0, 0, 0, 1, 0), 'STAY'):0.0
((0, 0, 0, 0, 0, 0, 0, 0, 0, 1, 1, 0, 1, 0, 0, 0, 0, 0, 0), 'LEFT'):0.0
((1, 0, 0, 0, 0, 0, 0, 0, 0, 0, 0, 0, 1, 0, 0, 0, 0, 1, 0), 'UP'):-1000.0
((1, 1, 0, 1, 0, 0, 0, 0, 3, 0, 0, 0, 0, 3, 1, 0, 0, 0, 0), 'RIGHT'):0.0
((0, 0, 0, 0, 0, 0, 0, 1, 0, 1, 1, 0, 1, 0, 0, 0, 0, 1, 0), 'UP'):0.0
((0, 0, 0, 0, 0, 0, 0, 0, 0, 0.5, 0.5, 1, 0, 0, 0, 0, 1, 0, 2), 'STAY'):0.0
((0, 0, 0, 0, 0, 0, 0, 0, 0, 0, 0, 0, 0, 3, 0, 0, 1, 0, 2), 'STAY'):0.0
((0, 1, 0, 1, 0, 0, 0, 1, 0, 1, 0, 0, 1, 0, 0, 0, 0, 1, 0), 'RIGHT'):0.0
((0, 0, 0, 0, 0, 0, 0, 0, 0, 1, 1, 1, 0, 3, 0, 0, 1, 0, 3), 'UP'):3.8
((0, 0, 1, 0, 0, 0, 0, 0, 0, 0, 0, 0, 0, 0, 1, 1, 0, 1, 0), 'UP'):11.40527671330687
((1, 0, 0, 0, 0, 0, 0, 0, 0, 0, 0, 0, 1, 0, 0, 0, 0, 1, 0), 'DOWN'):2.52
((0, 1, 1, 1, 0, 0, 0, 0, 0, 0, 0, 0, 1, 0, 0, 1, 1, 1, 0), 'LEFT'):0.0
((0, 0, -1, 0, 0, 0, 0, 1, 0, 0, 0, 0, 0, 0), 'LEFT'):9.375910639178528
((0, 0, 0, 0, 0, 0, 0, 0, 0, 1, 1, 1, 0, 3, 1, 1, 1, 0, 1), 'RIGHT'):0.0
((0, 0, 1, 0, 0, 0, 0, 0, 0, 0, 0, 0, 0, 0, 0, 0, 0, 0, 0), 'UP'):0.0
((0, 0, 0, 0, 1, 0, 0, 1, 0, 0, 1, 1, 1, 0, 0, 0, 0, 0, 0), 'DOWN'):0.0
((0, 0, 0, 0, 0, 0, 0, 1, 0, 1, 1, 0, 0, 0, 0, 0, 1, 0, 3), 'RIGHT'):0.0
((0, 1, -1, 1, 0, 0, 0, 0, 0, 0, 0, 0, 0, 0), 'LEFT'):0.0
((1, 1, -1, 0, 0, 0, 0, 1, 0, 0, 0, 0, 1, 0), 'STAY'):0.0
((1, 0, 0, 0, 0, 0, 0, 1, 0, 0, 0, 0, 0, 0, 0, 0, 0, 0, 0), 'LEFT'):1.0
((0, 1, 0, 0, 0, 0, 0, 0, 1, 0, 0, 0, 0, 0, 0, 0, 0, 0, 0), 'LEFT'):0.0
((0, 0, 0, 0, 0, 0, 0, 0, 0, 0, 0, 0, 1, 0, 0, 0, 0, 0, 3), 'UP'):2.0
((1, 1, 0, 1, 0, 0, 0, 0, 3, 0, 0, 1, 0, 3, 0, 1, 1, 0, 0), 'LEFT'):0.0
((0, 0, 0, 0, 0, 1, 1, 1, 0, 0, 0, 0, 1, 0, 0, 0, 0, 0, 0), 'RIGHT'):0.0
((0, 0, 0, 0, 0, 0, 0, 1, 0, 0, 0, 1, 0, 0, 0, 0, 0, 1, 0), 'LEFT'):0.0
((0, 0, 0, 0, 0, 0, 0, 1, 0, 1, 0, 0, 0, 3, 0, 1, 1, 1, 3), 'LEFT'):0.0
((0, 0, -1, 1, 0, 0, 0, 1, 0, 0, 0, 0, 0, 0), 'LEFT'):0.0
((0, 0, -1, 1, 1, 0, 0, 1, 0, 0, 0, 0, 0, 0), 'UP'):15.261123096767662
((0, 0, 0.5, 0, 0, 0, 0, 1, 0, 0, 0, 0, 1, 0, 0, 0, 0, 0, 0), 'RIGHT'):0.0
((0, 0, 0, 0, 0, 0, 0, 1, 0, 0, 0, 0, 1, 0, 1, 1, 1, 1, 3), 'RIGHT'):0.0
((0.5, 0, 0, 0, 1, 1, 1, 0, 3, 1, 1, 1, 1, 2, 0, 0, 0, 0, 0), 'LEFT'):0.0
((0, 0, 0, 0, 1, 0, 0, 0, 0, 0, 0, 0, 0, 0, 0, 0, 0, 0, 0), 'STAY'):0.0
((0, 0, 0, 0, 0, 1, 1, 0, 3, 0, 0, 0, 0, 0, 0, 0, 0, 0, 0), 'RIGHT'):0.0
((0, 0, 0, 0, 0, 0, 0, 0, 0, 0.5, 1, 1, 0, 0, 1, 1, 1, 0, 3), 'RIGHT'):0.0
((0, 0, 0, 0, 0, 0, 0, 1, 0, 0, 0, 0, 1, 0, 0, 0, 0, 0, 0), 'RIGHT'):5.878
((0, 0, 0, 0, 0, 0, 0, 0, 0, 0, 0, 0, 0, 0, 0, 1, 1, 1, 0), 'LEFT'):0.0
((0, 0, 0, 0, 0, 0, 0, 1, 0, 0, 0, 0, 1, 0, 1, 1, 1, 1, 3), 'STAY'):0.0
((1, 0, 0, 0, 0, 0, 0, 0, 0, 1, 0, 0, 0, 0, 0, 1, 1, 1, 0), 'UP'):-1000.0
((0, 0, -1, 0, 0, 0, 0, 0, 0, 0, 0, 0, 1, 0), 'UP'):13.276837737543627
((0, 0, 0, 0, 0, 0, 0, 0, 0, 0, 0, 1, 0, 0, 0, 0, 0, 0, 0), 'LEFT'):0.0
((0, 0, 0, 0, 0, 0, 0, 1, 0, 0, 0, 0, 1, 0, 0, 0, 0, 0, 0), 'STAY'):11.606789421256606
((0, 0, 0, 0, 0, 0, 0, 1, 0, 0, 0, 0, 0, 0, 0.5, 0.5, 1, 0, 0), 'UP'):2.0
((0, -1, -1, -1, 0, 0, 0, 1, 0), 'DOWN'):0.0
((0, 1, 0, 0, 0, 0, 0, 1, 0, 0, 0, 0, 0, 0, 0, 0, 0, 1, 0), 'LEFT'):0.0
((0, 1, 1, 1, 0, 0, 0, 1, 0, 0, 0, 0, 0, 0, 0, 0, 0, 0, 0), 'STAY'):0.0
((1, 1, -1, 1, 0, 0, 0, 1, 0, 0, 0, 0, 1, 0), 'RIGHT'):0.0
((0, 0, 0, 0, 0, 0, 0, 1, 0, 0, 0, 0, 0, 0, 0, 0, 0, 1, 0), 'DOWN'):9.729819708381806
((0, 0, 0, 0, 0, 0, 0, 0, 0, 0, 1, 1, 0, 0, 0, 0, 0, 0, 0), 'STAY'):0.0
((1, 0.5, 0, 0.5, 0, 0, 0, 0, 0, 0, 0, 0, 0, 0, 0, 0, 0, 1, 0), 'LEFT'):1.0
((0, 0, 0.5, 0, 0, 0, 0, 0, 0, 0, 0, 0, 1, 0, 1, 1, 0, 0, 3), 'STAY'):0.0
((0, 0, -1, 0, 1, 0, 0, 1, 3, 0, 0, 0, 0, 0), 'UP'):0.0
((1, 1, 0, 1, 0, 0, 0, 1, 0, 0, 0, 0, 0, 0, 0, 1, 1, 1, 3), 'LEFT'):0.0
((1, 0, 0, 0, 0, 0, 0, 0, 0, 1, 1, 1, 0, 3, 1, 1, 0, 0, 3), 'LEFT'):1.0
((0, 0, 0, 0, 0, 0, 0, 1, 0, 0, 0, 0, 0, 3, 0, 1, 1, 1, 3), 'UP'):2.0
((0, 0, 0, 0, 0, 0, 0, 1, 0, 0, 0, 0, 1, 0, 0, 1, 1, 0, 0), 'RIGHT'):0.0
((0, 0, 0, 0, 0, 0, 0, 1, 0, 0, 0, 0, 1, 0, 0, 0, 0, 1, 0), 'STAY'):9.30714743365013
((0, 1, 0, 1, 0, 0, 0, 1, 0, 0, 0, 0, 0, 0, 1, 0, 0, 0, 3), 'STAY'):0.0
((0, 0, 0, 0, 0, 0, 0, 0, 0, 0, 0, 0, 1, 0, 0, 1, 1, 1, 0), 'UP'):10.260470105729766
((1, 1, 0, 1, 0, 0, 0, 0, 0, 0, 0, 0, 1, 0, 0, 0, 0, 1, 0), 'UP'):11.663796246298128
((0, 0, 0, -1, 0, 0, 0, 0, 0, 1, 0, 0, 0, 0, 1, 0), 'RIGHT'):0.0
((0, 0, 0, 0, 0, 0, 0, 1, 0, 0, 0, 0, 0, 0, 1, 1, 1, 1, 2), 'STAY'):0.0
((0, 0, 0, 0, 0, 0, 0, 1, 0, 0, 1, 1, 0, 0, 0, 0, 0, 1, 0), 'RIGHT'):1.0
((0, 1, 0, 1, 0, 0, 0, 1, 0, 0, 0, 1, 1, 0, 0, 0, 0, 1, 0), 'STAY'):0.0
((0, 0, 0, 0, 1, 0, 0, 1, 0, 0, 0, 0, 1, 0, 0, 0, 0, 1, 0), 'STAY'):0.0
((0, -1, 0, 0, 0, 0, 0, 0, 1, 1, 1, 0, 0, 0, 1, 0), 'RIGHT'):1.0
((0, 0, 0, 0, 0, 0, 0, 1, 0, 0, 0, 0, 0, 0, 0.5, 0.5, 1, 0, 0), 'LEFT'):0.0
((0, 0, 0, 0, 0, 0, 0, 1, 0, 0, 0, 0, 0, 0, 0, 1, 1, 0, 3), 'UP'):5.618941681229854
((1, 1, 0, 0, 0, 0, 0, 0, 0, 0, 0, 0, 1, 0, 0.5, 0.5, 0.5, 0, 0), 'LEFT'):0.0
((0, 0, 0.5, 0, 0, 0, 0, 1, 0, 0, 0, 0, 1, 0, 0, 0, 0, 0, 0), 'STAY'):0.0
((0, 0, 0, 0, 0, 0, 0, 1, 0, 0, 0, 0, 1, 0, 0, 0, 0, 1, 0), 'LEFT'):1.0
((0, 0, 0, -1, 0, 0, 1, 0, 1, 1, 1, 3, 0, 0, 1, 3), 'RIGHT'):0.0
((0.5, 1, -1, 1, 0, 0, 0, 1, 0, 1, 1, 0, 1, 0), 'DOWN'):0.0
((0, 0, 0, 0, 0, 0, 0, 1, 0, 0, 0, 0, 0, 0, 0, 0, 0, 0, 0), 'RIGHT'):11.933910479130946
((0, 0, 0, -1, 1, 1, 0, 0, 0, 0, 1, 0, 0, 0, 0, 0), 'RIGHT'):0.0
((0, 1, 0, 0, 0, 0, 0, 1, 0, 1, 0, 0, 1, 0, 0, 0, 0, 0, 0), 'RIGHT'):0.0
((0, 0, 0, 0, 0, 0, 0, 1, 0, 0, 0, 1, 1, 0, 0, 0, 0, 1, 0), 'STAY'):0.0
((0, 0, 0, 0, 0, 0, 0, 1, 0, 0, 0, 0, 0, 0, 0, 1, 1, 0, 3), 'DOWN'):0.0
((1, 0, 0, 0, 0, 0, 0, 1, 0, 0, 0, 0, 0, 0, 0, 0, 0, 0, 0), 'RIGHT'):10.265902051600639
((0, 0, 0, 0, 0, 1, 1, 0, 0, 0, 0, 0, 0, 0, 0, 0, 0, 0, 0), 'LEFT'):0.0
((1, 0, 0, 0, 0, 0, 0, 0, 3, 1, 1, 0, 0, 0, 0, 0, 0, 0, 0), 'DOWN'):0.0
((1, 1, 0, 0, 0, 0, 0, 1, 0, 0, 0, 0, 1, 0, 0, 0, 0, 0, 0), 'LEFT'):0.0
((0, 0, 0, 0, 0, 0, 0, 0, 0, 0, 0, 0, 1, 0, 0, 0, 0, 0, 3), 'LEFT'):0.0
((1, 0, 0, 0, 0, 0, 0, 0, 3, 1, 1, 0, 0, 0, 0, 0, 0, 0, 0), 'RIGHT'):0.0
((0, 0, 0, 0, 0, 1, 1, 1, 0, 0, 0, 0, 0, 0, 0, 1, 1, 1, 0), 'STAY'):0.0
((1, 1, 0, 0, 1, 1, 1, 0, 3, 0, 0, 0, 1, 3, 0, 0, 0, 0, 0), 'LEFT'):0.0
((1, 1, 0, 0, 0, 0, 0, 0, 0, 0, 0, 0, 1, 0, 0, 0, 0, 0, 3), 'UP'):2.0
((1, 1, -1, 1, 0, 0, 0, 1, 0, 0, 1, 1, 1, 0), 'LEFT'):0.0
((0, 0, 0, 0, 0, 0, 0, 1, 0, 1, 1, 0, 0, 0, 0, 0, 1, 0, 3), 'LEFT'):0.0
((0, 0, 0, 0, 0, 0, 0, 0, 0, 0, 0, 0, 1, 0, 0, 0, 0, 0, 3), 'STAY'):0.0
((0, 0, 0, 0, 0, 0, 0, 1, 0, 0, 0, 0, 0, 3, 0, 1, 1, 1, 3), 'LEFT'):0.0
((0, 0, 0, 0, 1, 0, 0, 0, 0, 0, 1, 1, 1, 0, 0, 0, 0, 1, 0), 'UP'):2.0
((1, 1, 0, 1, 0, 1, 1, 0, 3, 1, 1, 0, 0, 3, 1, 0, 0, 0, 0), 'DOWN'):0.0
((0, 1, 1, 1, 0, 0, 0, 0, 0, 0, 0, 0, 1, 0, 0, 1, 1, 1, 0), 'DOWN'):0.0
((0, 0, 0.5, 0, 0, 0, 0, 1, 0, 0, 0, 0, 1, 0, 0, 0, 0, 0, 0), 'LEFT'):0.0
((0, -1, 0, 0, 0, 0, 1, 0, 0, 0, 0, 0, 0, 0, 0, 0), 'STAY'):0.0
((0, 0, 1, 0, 0, 0, 0, 1, 0, 0, 0, 0, 1, 0, 0, 0, 0, 0, 0), 'UP'):13.187819708381806
((0, 1, -1, 1, 0, 0, 0, 0, 0, 1, 1, 0, 1, 0), 'STAY'):0.0
((1, 1, 0, 0, 1, 1, 1, 0, 3, 0, 0, 0, 1, 3, 0, 0, 0, 0, 0), 'UP'):-1000.0
((0.5, 1, 0, 1, 0, 0, 0, 1, 0, 0, 0, 0, 0, 0, 0, 0, 0, 1, 0), 'LEFT'):0.0
((0, 0, 0, 0, 1, 1, 1, 1, 3, 1, 0.5, 0.5, 0, 1, 0, 0, 0, 1, 0), 'DOWN'):0.0
((0, -1, 0, 0, 0, 0, 0, 0, 1, 0, 1, 0, 0, 0, 1, 0), 'UP'):0.0
((0, 1, 1, 1, 0, 0, 0, 0, 0, 0, 0, 0, 1, 0, 0, 1, 1, 1, 0), 'UP'):-1000.0
((0, 0, 1, 0, 0, 0, 0, 1, 0, 0, 0, 0, 1, 0, 0, 0, 0, 1, 0), 'LEFT'):0.0
((1, 0.5, 0, 1, 0, 0, 0, 0, 0, 0, 0, 0, 1, 0, 0, 0, 0, 0, 0), 'RIGHT'):0.0
((0, 0, 0, 0, 0, 0, 0, 1, 0, 0, 0, 0, 0, 0, 1, 1, 0, 0, 3), 'LEFT'):0.0
((0, 0, 0, 0, 0, 0, 0, 1, 0, 1, 1, 0, 0, 0, 0, 0, 0, 1, 0), 'DOWN'):0.0
((0, -1, 0, 0, 0, 0, 0, 0, 1, 0, 1, 0, 0, 0, 1, 0), 'LEFT'):0.0
((0, -1, 0, 0, 0, 0, 0, 0, 1, 0, 1, 0, 0, 0, 1, 0), 'DOWN'):0.0
((0, 1, 0, 0, 0, 0, 0, 0, 1, 0, 0, 0, 0, 0, 0, 0, 0, 0, 0), 'STAY'):0.0
((0, 0, -1, 0, 1, 0.5, 0.5, 1, 0, 0, 0, 0, 0, 0), 'STAY'):0.0
((0, 0, 0, 0, 0, 0, 0, 1, 0, 0, 0, 0, 1, 0, 0, 0, 1, 0, 0), 'DOWN'):0.0
((0, 0, 0, 0, 1, 0, 0, 0, 0, 0, 0, 0, 0, 0, 0, 0, 0, 1, 0), 'STAY'):0.0
((1, 0, 0, 0, 0, 0, 0, 1, 3, 0, 0, 0, 0, 0, 0, 0, 0, 1, 0), 'UP'):-1000.0
((0, 1, 0, 0, 0, 0, 0, 0, 0, 1, 1, 0, 0, 0, 0, 0, 0, 1, 0), 'UP'):15.423427737543626
((0, 0, 0, 0, 0, 0, 0, 0, 0, 0, 1, 1, 0, 0, 0, 0, 0, 0, 0), 'UP'):3.8
((1, 1, 0, 1, 0, 0, 0, 0, 0, 0, 1, 1, 0, 0, 0, 0, 0, 0, 0), 'STAY'):0.0
((0, 0, 0, 0, 0, 0, 0, 0, 0, 0, 0, 1, 0, 0, 0, 0, 0, 1, 0), 'STAY'):0.0
((0, -1, 0, 0, 0, 0, 0, 0, 0, 0, 1, 0, 0, 0, 1, 0), 'UP'):3.8
((0, 1, 1, 1, 0, 0, 0, 0, 0, 0, 0, 0, 1, 0, 0, 0, 0, 1, 0), 'STAY'):-1000.0
((0, 0, 0, 0, 0, 0, 0, 0, 3, 0, 0, 0, 0, 1, 0, 0, 0, 0, 0), 'UP'):2.0
((0, 0, 0, 0, 0, 0, 0, 0, 0, 0, 0, 1, 0, 3, 1, 1, 0, 0, 3), 'DOWN'):0.0
((0, 0, 0, 0, 0, 0, 0, 0, 0, 0, 0, 0, 1, 0, 0, 0, 0, 0, 0), 'LEFT'):5.4955738
((1, 0.5, 0, 1, 0, 0, 0, 0, 0, 0, 0, 0, 0, 0, 0, 0, 0, 1, 0), 'UP'):0.0
((1, 0, 0, 0, 0, 0, 0, 1, 0, 0, 0, 0, 0, 3, 0, 0, 1, 1, 3), 'UP'):-1000.0
((0, 0, 0, 0, 1, 1, 1, 1, 3, 1, 1, 1, 0, 3, 0, 0, 0, 1, 0), 'DOWN'):0.0
((0, 0, -1, 0, 1, 0, 0, 0, 3, 1, 1, 1, 1, 3), 'STAY'):0.0
((0, 0, 0, 0, 0, 0, 0, 0, 3, 0, 0, 0, 0, 3, 1, 1, 0, 0, 0), 'DOWN'):0.0
((0, 1, 0, 0, 0, 0, 0, 1, 0, 0, 0, 0, 0, 0, 0, 0, 0, 0, 0), 'DOWN'):0.0
((0, 1, 0, 0, 0, 0, 0, 1, 0, 0, 0, 0, 1, 0, 0, 0, 0, 0, 0), 'DOWN'):0.0
((0, 0, 0, 0, 0, 0, 0, 0, 0, 0, 1, 1, 1, 0, 0, 0, 0, 0, 0), 'LEFT'):0.0
((0, 0, 0, -1, 0, 0, 0, 0, 0, 0, 0, 0, 0, 0, 1, 0), 'RIGHT'):0.0
((0, 0, 0, 0, 0, 0, 0, 0, 0, 1, 1, 1, 1, 3, 1, 0.5, 0.5, 0, 2), 'RIGHT'):1.0
((1, 0, 0, 0, 0, 0, 0, 0, 0, 0, 0, 0, 1, 0, 1, 0, 0, 0, 3), 'LEFT'):0.0
((0, 1, 0, 0, 0, 0, 0, 1, 0, 0, 0, 0, 1, 0, 0, 0, 0, 0, 0), 'UP'):2.0
((0, 0, 0, 0, 0, 0, 0, 0, 0, 0, 0, 0, 1, 0, 1, 1, 1, 0, 3), 'STAY'):0.0
((0, 0, 0, 0, 0, 0, 0, 0, 0, 0, 0, 0, 0, 3, 0, 0, 1, 0, 2), 'RIGHT'):0.0
((0, 0, 1, 1, 0, 0, 0, 1, 0, 0, 0, 0, 0, 0, 0, 0, 0, 0, 0), 'UP'):13.649062375260675
((0, 1, 0, 0, 0, 0, 0, 1, 0, 0, 0, 0, 0, 0, 0, 0, 0, 0, 0), 'LEFT'):-1000.0
((0, 0, 0, 0, 0, 0, 0, 1, 0, 1, 1, 1, 0, 3, 1, 1, 0.5, 1, 1), 'STAY'):0.0
((0, -1, 0, 0, 0, 0, 0, 0, 0, 0, 1, 0, 0, 0, 1, 0), 'DOWN'):0.0
((1, 0.5, 0, 1, 0, 0, 0, 0, 0, 0, 0, 0, 0, 0, 0, 0, 0, 1, 0), 'STAY'):0.0
((0, 1, 0, 0, 0, 1, 1, 0, 0, 0, 0, 0, 0, 0, 0, 0, 0, 0, 0), 'RIGHT'):0.0
((0, 0, -1, 0, 0, 0, 0, 0, 0, 0, 0, 0, 0, 0), 'STAY'):0.0
((0, 0, 1, 0, 0, 0, 0, 0, 0, 0, 0, 0, 1, 0, 0, 0, 0, 1, 0), 'RIGHT'):12.943402639178528
((0, 0.5, 0, 0.5, 0, 0, 0, 1, 0, 1, 1, 1, 0, 3, 1, 1, 0.5, 1, 1), 'UP'):0.0
((0, 1, 1, 1, 0, 0, 0, 0, 0, 0, 0, 0, 1, 0, 0, 0, 0, 1, 0), 'LEFT'):0.0
((1, 1, -1, 1, 0, 0, 0, 1, 0, 0, 0, 0, 1, 0), 'UP'):-1000.0
((0, 0, -1, 0, 0, 0, 0, 0, 0, 0, 0, 0, 0, 0), 'RIGHT'):0.0
((0, 1, 0, 0, 1, 1, 0, 0, 0, 0, 0, 0, 1, 0, 0, 0, 0, 1, 0), 'DOWN'):0.0
((0, 0, 0, 0, 1, 1, 0, 1, 0, 0, 0, 0, 1, 0, 0, 1, 1, 0, 0), 'STAY'):0.0
((0, 1, 0, 0, 0, 0, 0, 0, 0, 0, 0, 0, 1, 0, 0, 0, 0, 1, 0), 'STAY'):0.0
((0, 0, 0, 0, 0, 0, 0, 0, 0, 1, 1, 0, 0, 0, 0, 0, 0, 0, 0), 'RIGHT'):0.0
((0, 0, 0, 0, 0, 0, 0, 0, 0, 0, 0, 0, 1, 0, 1, 1, 1, 0, 3), 'UP'):0.0
((1, 1, 0, 1, 0, 0, 0, 0, 3, 0, 0, 0, 0, 3, 1, 0, 0, 0, 0), 'DOWN'):0.0
((0, 0, 1, 0, 0, 0, 0, 1, 0, 0, 0, 0, 1, 0, 0, 0, 0, 1, 0), 'RIGHT'):0.0
((0, 1, 0, 1, 0, 0, 0, 0, 0, 0, 0, 0, 0, 0, 0, 0, 0, 1, 0), 'DOWN'):0.0
((0, 0, 0, 0, 0, 0, 0, 0, 0, 0, 1, 1, 0, 3, 1, 1, 1, 0, 3), 'STAY'):0.0
((0, 1, 0, 1, 0, 0, 0, 1, 0, 1, 0, 0, 1, 0, 0, 0, 0, 1, 0), 'UP'):2.0
((0, 0, 0, 0, 0, 0, 0, 1, 0, 1, 1, 0, 0, 0, 0, 0, 1, 0, 3), 'STAY'):0.0
((1, 1, 0, 0, 0, 0, 0, 1, 0, 0, 0, 0, 1, 0, 0, 0, 0, 0, 0), 'STAY'):0.0
((1, 1, 0, 0, 0, 0, 0, 0, 0, 0, 0, 0, 1, 0, 0, 0, 0, 0, 3), 'LEFT'):0.0
((0, 0, 0, 0, 0, 0, 0, 1, 0, 0, 0, 0, 0, 3, 0, 0, 1, 1, 3), 'STAY'):0.0
((0, 0, 0, 0, 0, 0, 0, 1, 0, 0, 0, 0, 1, 0, 0, 1, 1, 0, 0), 'UP'):2.0
((0, 1, 0, 0, 0, 0, 0, 0, 0, 1, 1, 0, 1, 0, 0, 0, 0, 1, 0), 'DOWN'):0.0
((0, 0, 0, 0, 1, 0, 0, 0, 0, 0, 0, 0, 1, 0, 0, 0, 0, 1, 0), 'STAY'):0.0
((0, 0, -1, 1, 0, 0, 0, 1, 0, 0, 0, 0, 0, 0), 'STAY'):0.0
((1, 0, 0, 0, 0, 0, 0, 1, 3, 0, 0, 0, 0, 0, 0, 0, 0, 1, 0), 'DOWN'):0.0
((0, 0, 0, 0, 0, 0, 0, 0, 0, 1, 1, 1, 0, 3, 1, 1, 1, 0, 1), 'UP'):2.9
((1, 0, 0, 0, 0, 0, 0, 0, 0, 1, 1, 1, 0, 3, 0, 1, 1, 0, 3), 'LEFT'):0.0
((0.5, 0, 0, 1, 1, 1, 1, 0, 3, 1, 1, 0.5, 1, 1, 0, 0, 0, 0, 0), 'UP'):2.0
((1, 1, 0, 0, 0, 0, 0, 1, 0, 0, 0, 0, 1, 0, 0, 0, 0, 1, 0), 'STAY'):0.0
((0, -1, 0, 0, 0, 0, 1, 0, 0, 0, 0, 0, 0, 0, 0, 0), 'LEFT'):0.0
((0, 0, 0, 0, 0, 0, 0, 1, 0, 0, 0, 0, 0, 0, 0, 0, 0, 1, 3), 'UP'):12.911730294616866
((0, 0, 0, 0, 0, 0, 0, 1, 0, 0, 0, 0, 1, 0, 0, 0, 0, 1, 0), 'UP'):12.466837737543626
((0, 0, 0, 0, 0, 0, 0, 0, 0, 1, 1, 1, 1, 3, 1, 0.5, 0.5, 0, 1), 'UP'):0.0
((0, 0, 0, 0, 1, 1, 0, 0, 0, 0.5, 0.5, 1, 0, 0, 0, 0, 0, 0, 3), 'DOWN'):0.0
((0, 0, 0, -1, 0, 0, 1, 0, 0, 0, 1, 0, 0, 0, 1, 0), 'UP'):6.878
((1, 0, 0, 0, 0, 0, 0, 0, 0, 1, 0, 0, 0, 3, 1, 0, 0, 0, 3), 'UP'):-1000.0
((0, 0, 0, 0, 0, 1, 1, 0, 0, 0, 0, 0, 0, 0, 0, 0, 0, 0, 0), 'DOWN'):0.0
((0, 0, 0, 0, 0, 0, 0, 1, 0, 0, 0, 0, 0, 0, 0, 0, 0, 1, 3), 'LEFT'):0.0
((0, 0, 0, 0, 0, 1, 1, 0, 3, 1, 0.5, 0.5, 1, 0, 0, 0, 0, 0, 0), 'STAY'):0.0
((0, 0, 0, 0, 0, 0, 0, 0, 0, 0, 1, 1, 0, 0, 0, 0, 0, 1, 0), 'LEFT'):0.0
((0, 0.5, 0, 0.5, 0, 0, 0, 1, 0, 1, 1, 1, 0, 3, 1, 1, 1, 1, 2), 'STAY'):0.0
((0, 1, 0, 0, 0, 0, 0, 0, 1, 0, 0, 0, 0, 0, 0, 0, 0, 0, 0), 'DOWN'):0.0
((1, 0, 0, 0, 1, 1, 1, 0, 3, 0, 0, 0, 1, 0, 0, 0, 0, 0, 0), 'DOWN'):0.0
((0, 0, 0, 0, 0, 0, 0, 0, 3, 0, 0, 0, 0, 3, 0, 0, 0, 0, 0), 'UP'):2.0
((0, 0, 0, -1, 1, 1, 0, 0, 0, 0, 1, 0, 0, 0, 0, 0), 'DOWN'):0.0
((0, 0, 0, 0, 0, 0, 0, 0, 0, 0, 0, 0, 1, 0, 1, 0, 0, 0, 0), 'RIGHT'):0.0
((0, 0, 0, 0, 0, 0, 0, 1, 0, 0, 0, 0, 1, 0, 0, 1, 1, 0, 0), 'LEFT'):0.0
((0, 0, 0, 0, 0, 0, 0, 1, 0, 1, 0, 0, 0, 0, 0, 0, 0, 0, 0), 'LEFT'):0.0
((1, 0, 0, 0, 0, 1, 1, 1, 0, 0, 0, 0, 1, 0, 0, 0, 0, 0, 0), 'LEFT'):0.0
((0, 0, 0, 0, 0, 0, 0, 1, 0, 0, 0, 0, 1, 0, 1, 1, 0, 0, 0), 'STAY'):0.0
((0, 0, -1, 0, 0, 0, 0, 1, 0, 0, 0, 0, 0, 0), 'DOWN'):8.825665763797913
((0, 0, 0, 0, 0, 0, 0, 0, 0, 0, 0, 0, 0, 0, 0, 0, 0, 0, 0), 'UP'):4.122199999999999
((1, 0, 0, 0, 0, 0, 0, 1, 0, 0, 0, 0, 1, 0, 0, 0, 0, 0, 0), 'DOWN'):7.5009807856411115
((0, 0, 0, -1, 1, 1, 0, 0, 0, 0, 1, 0, 0, 0, 0, 0), 'UP'):2.0
((1, 1, 0, 1, 0, 0, 0, 1, 0, 0, 0, 0, 0, 0, 0, 1, 1, 1, 3), 'UP'):0.0
((0, -1, 0, 0, 0, 0, 1, 0, 0, 0, 0, 0, 0, 0, 0, 0), 'UP'):0.0
((0, -1, 0, 0, 0, 0, 1, 0, 0, 0, 1, 0, 0, 0, 1, 0), 'STAY'):0.0
((0, 0, 0, 0, 0, 0, 0, 0, 0, 0, 0, 0, 1, 0, 1, 0, 0, 0, 0), 'DOWN'):0.0
((0.5, 0, 0, 0, 1, 1, 1, 0, 3, 1, 1, 1, 1, 2, 0, 0, 0, 0, 0), 'UP'):2.0
((1, 1, -1, 1, 0, 0, 0, 1, 0, 0, 0, 1, 1, 0), 'UP'):0.0
((0, 0, 0, 0, 0, 1, 1, 0, 3, 1, 0.5, 0.5, 1, 0, 0, 0, 0, 0, 0), 'RIGHT'):0.0
((0, 0, 1, 0, 0, 0, 0, 0, 0, 0, 0, 0, 0, 0, 1, 1, 0, 1, 0), 'RIGHT'):0.0
((0, 0, 1, 0, 0, 0, 0, 1, 0, 0, 0, 0, 0, 0, 0, 0, 0, 0, 0), 'RIGHT'):0.0
((0, 0, 0, 0, 0, 0, 0, 1, 0, 0, 0, 1, 1, 0, 0, 0, 0, 1, 0), 'RIGHT'):0.0
((0, 0, 0, 0, 0, 0, 0, 0, 0, 1, 1, 0, 1, 0, 0, 0, 0, 0, 0), 'DOWN'):0.0
((1, 0, 0, 0, 0, 1, 1, 0, 3, 0, 0, 0, 0, 0, 0, 0, 0, 0, 0), 'DOWN'):0.0
((0.5, 0, 0, 0, 0, 0, 0, 0, 0, 0, 0, 0, 1, 0, 0, 0, 0, 1, 0), 'LEFT'):0.0
((0, 0, 0, 0, 0, 0, 0, 1, 0, 0, 0, 0, 0, 0, 1, 0, 0, 0, 3), 'RIGHT'):10.960909514521589
((0, 0, 0, 0, 0, 1, 1, 1, 0, 0, 0, 0, 0, 0, 0, 1, 1, 1, 0), 'DOWN'):10.742408042619246
((1, 1, -1, 1, 0, 0, 0, 1, 0, 0, 0, 1, 1, 0), 'DOWN'):0.0
((1, 0, 0, 0, 0, 0, 0, 0, 3, 1, 1, 0, 0, 0, 0, 0, 0, 0, 0), 'STAY'):0.0
((0, 0, 0, 0, 0, 0, 0, 1, 0, 0, 0, 0, 0, 0, 0, 0, 0, 1, 0), 'LEFT'):1.0
((1, 1, -1, 1, 0, 0, 0, 1, 0, 0, 1, 1, 1, 0), 'RIGHT'):0.0
((0, 0, 0, 0, 0, 0, 0, 0, 0, 1, 0, 0, 1, 0, 0, 0, 0, 1, 0), 'LEFT'):1.0
((0, 0, 0, 0, 0, 0, 0, 0, 0, 1, 0, 0, 0, 3, 0, 0, 0, 0, 3), 'DOWN'):0.0
((0, 0, 0, 0, 0, 0, 0, 0, 3, 0, 1, 1, 0, 0, 0, 0, 0, 0, 0), 'RIGHT'):0.0
((0, 0, 0, 0, 1, 1, 0, 1, 0, 0, 0, 0, 0, 0, 1, 1, 0, 1, 0), 'UP'):2.0
((0, -1, 0, 0, 0, 0, 0, 0, 1, 1, 1, 0, 0, 0, 1, 0), 'DOWN'):0.0
((0, 0, 0, 0, 0, 0, 0, 1, 0, 0, 0, 0, 1, 0, 0, 0, 1, 0, 0), 'RIGHT'):1.0
((0.5, 1, -1, 1, 0, 0, 0, 1, 0, 1, 1, 0, 1, 0), 'STAY'):0.0
((0, 0, 0, 0, 0, 0, 0, 0, 0, 0, 0, 0, 0, 0, 0, 1, 1, 0, 0), 'UP'):2.0
((0, 0, 0, 0, 0, 0, 0, 0, 0, 0, 1, 1, 0, 3, 0, 0, 0, 0, 3), 'RIGHT'):0.0
((0, 0, 0, 0, 0, 0, 0, 0, 0, 0, 0, 0, 0, 0, 0, 1, 1, 1, 0), 'DOWN'):0.0
((0, 0, 0, 0, 0, 0, 0, 1, 0, 1, 0, 0, 0, 0, 0, 0, 0, 0, 0), 'DOWN'):0.0
((0, 0, 0, -1, 0, 0, 0, 0, 0, 0, 0, 0, 0, 0, 1, 0), 'UP'):3.8
((1, 0, 0, 0, 0, 0, 0, 0, 0, 0, 0, 0, 0, 0, 0, 1, 1, 1, 0), 'RIGHT'):0.0
((0, 0, 0, 0, 0, 0, 0, 1, 0, 0, 0, 0, 1, 0, 0, 0, 1, 0, 0), 'STAY'):0.0
((0, 1, -1, 1, 0, 0, 0, 0, 0, 0, 0, 0, 0, 0), 'STAY'):0.0
((0, 0, 0, 0, 0, 0, 0, 1, 0, 0, 0, 0, 0, 0, 0, 0, 0, 0, 0), 'UP'):12.148789421256605
((0, 0, 0, 0, 1, 0, 0, 1, 0, 0, 0, 0, 1, 0, 0, 0, 0, 1, 0), 'DOWN'):0.0
((0, 1, 0, 1, 0, 0, 0, 1, 0, 0, 0, 1, 1, 0, 0, 0, 0, 1, 0), 'DOWN'):0.0
((0, 0, 0, 0, 1, 1, 1, 0, 1, 1, 1, 1, 0, 3, 0, 0, 1, 0, 0), 'DOWN'):0.0
((0, 0, 0, 0, 0, 0, 0, 0, 0, 0, 0, 0, 1, 0, 0, 0, 0, 1, 0), 'UP'):2.0
((1, 0.5, 0, 1, 0, 0, 0, 0, 0, 0, 0, 0, 1, 0, 0, 0, 0, 0, 0), 'STAY'):0.0
((0, -1, 0, 0, 0, 0, 1, 0, 0, 0, 1, 0, 0, 0, 1, 0), 'LEFT'):0.0
((0, 0, 0, -1, 0, 0, 0, 0, 0, 0, 0, 0, 0, 0, 1, 0), 'DOWN'):0.0
((1, 1, -1, 0, 0, 0, 0, 1, 0, 0, 0, 0, 1, 0), 'UP'):0.0
((0, 0, 0, 0, 0, 0, 0, 0, 0, 1, 1, 1, 0, 1, 1, 1, 1, 0, 3), 'STAY'):0.0
((0, -1, -1, -1, 0, 0, 0, 0, 0), 'LEFT'):0.0
((0, 0, 0, 0, 0, 0, 0, 0, 0, 0, 0, 0, 1, 0, 0, 0, 0, 0, 0), 'UP'):2.0
((0, 0, 0, 0, 0, 0, 0, 1, 0, 1, 1, 0, 1, 0, 0, 0, 0, 0, 0), 'LEFT'):0.0
((0.5, 0, 0, 0, 1, 1, 1, 0, 3, 1, 1, 1, 1, 2, 0, 0, 0, 0, 0), 'RIGHT'):0.0
((0, 0, 0, 0, 0, 0, 0, 1, 0, 0, 0, 0, 1, 0, 0, 1, 1, 1, 3), 'DOWN'):0.0
((0, 0, -1, 1, 0, 0, 0, 1, 0, 0, 0, 0, 0, 0), 'UP'):0.0
((0, 0, 0, 0, 0, 0, 0, 0, 0, 1, 1, 1, 1, 3, 1, 0.5, 0.5, 0, 1), 'RIGHT'):0.0
((1, 0, -1, 0, 0, 0, 0, 1, 0, 0, 0, 0, 0, 0), 'RIGHT'):-988.4315856632776
((0, 0, -1, 0, 0, 0, 0, 0, 0, 0, 0, 0, 0, 0), 'UP'):14.031356974911738
((0, 0, 0, 0, 0, 0, 0, 1, 0, 0, 0, 0, 0, 0, 0, 0, 0, 1, 0), 'STAY'):9.010910787090895
((1, 0, 0, 0, 0, 0, 0, 1, 0, 0, 0, 0, 0, 0, 0, 0, 0, 1, 0), 'STAY'):0.9
((0, 1, 1, 1, 0, 0, 0, 1, 0, 0, 0, 0, 0, 0, 0, 0, 0, 0, 0), 'DOWN'):0.0
((0.5, 0, 0, 0, 0, 0, 0, 0, 0, 0, 0, 0, 1, 0, 0, 0, 0, 1, 0), 'UP'):2.0
((1, 0, 0, 0, 0, 0, 0, 0, 0, 1, 0, 0, 0, 0, 0, 1, 1, 1, 0), 'STAY'):0.0
((0, 0, 0, 0, 0, 0, 0, 1, 0, 0, 0, 0, 1, 0, 0, 0, 0, 0, 0), 'DOWN'):10.933910479130947
((0, -1, 0, 0, 0, 0, 0, 0, 0, 0, 0, 0, 0, 0, 1, 0), 'UP'):2.9
((0, 1, 0, 0, 0, 0, 0, 0, 0, 1, 1, 0, 1, 0, 0, 0, 0, 1, 0), 'STAY'):0.0
((1, 0, 0, 0, 0, 1, 1, 0, 3, 1, 0, 0, 0, 0, 0, 0, 0, 0, 0), 'UP'):-1000.0
((0, 0, 0, 0, 0, 0, 0, 1, 0, 0, 0, 0, 1, 0, 0, 1, 1, 1, 3), 'RIGHT'):12.82835899515679
((1, 0, 0, 0, 0, 0, 0, 1, 0, 0, 0, 0, 0, 0, 0, 0, 0, 0, 0), 'DOWN'):0.0
((0, 0, 0, 0, 0, 0, 0, 0, 0, 1, 0, 0, 1, 0, 1, 0, 0, 0, 0), 'LEFT'):0.0
((0, 0, 0, 0, 0, 0, 0, 0, 0, 1, 0, 0, 1, 0, 1, 0, 0, 0, 0), 'DOWN'):0.0
((0, 0, 0, 0, 0, 0, 0, 1, 0, 0, 0, 0, 0, 0, 0, 0, 0, 0, 3), 'STAY'):0.9
((1, 0.5, 0, 1, 0, 0, 0, 0, 0, 0, 0, 0, 1, 0, 0, 0, 0, 0, 0), 'UP'):0.0
((0, 0, 0, 1, 0, 0, 0, 1, 0, 0, 0, 0, 0, 0, 0, 0, 0, 1, 0), 'DOWN'):0.0
((1, 1, 0, 0, 0, 0, 0, 1, 0, 0, 0, 0, 1, 0, 0, 0, 0, 1, 0), 'LEFT'):0.0
((1, 0, 0, 0, 0, 0, 0, 1, 3, 0, 0, 0, 0, 0, 0, 0, 0, 1, 0), 'LEFT'):0.0
((0, 0, 1, 0, 0, 0, 0, 0, 0, 0, 0, 0, 0, 0, 1, 1, 0, 1, 0), 'STAY'):0.0
((0, 1, 0, 0, 0, 0, 0, 0, 0, 1, 1, 0, 0, 0, 0, 0, 0, 1, 0), 'STAY'):0.0
((0, 0, 0, 0, 0, 0, 0, 1, 0, 0, 1, 1, 1, 3, 0, 0, 0, 1, 3), 'RIGHT'):1.0
((0, 1, 1, 1, 0, 0, 0, 1, 0, 0, 0, 0, 0, 0, 0, 0, 0, 0, 0), 'LEFT'):0.0
((1, 0.5, 0, 1, 0, 0, 0, 0, 0, 0, 0, 0, 1, 0, 0, 0, 0, 0, 0), 'DOWN'):0.0
((0, 0, 0, 0, 0, 0, 0, 1, 0, 0, 0, 0, 0, 0, 0, 1, 1, 1, 0), 'UP'):11.884315176677518
((0, 0, 0, 0, 1, 1, 1, 0, 1, 1, 1, 1, 0, 3, 0, 0, 1, 0, 0), 'STAY'):0.0
((0, 0, 0, 0, 1, 1, 0, 1, 0, 0, 0, 0, 1, 0, 0, 1, 1, 0, 0), 'UP'):2.0
((0, 1, 0, 0, 0, 0, 0, 0, 0, 1, 1, 0, 0, 0, 0, 0, 0, 1, 0), 'RIGHT'):0.0
((0, 0.5, 0, 0.5, 0, 0, 0, 1, 0, 1, 1, 1, 0, 3, 1, 1, 0.5, 1, 1), 'RIGHT'):0.0
((0, 0, 0, 0, 0, 0, 0, 0, 3, 1, 1, 0, 0, 3, 0, 0, 0, 0, 0), 'LEFT'):0.0
((0, 0, 0, 0, 0, 0, 0, 1, 0, 1, 0, 0, 0, 0, 0, 0, 0, 0, 0), 'UP'):2.0
((0, 0, 0, 0, 0, 0, 0, 0, 0, 0, 0, 0, 0, 0, 0, 1, 1, 1, 0), 'STAY'):0.0
((0, 0, 0, 0, 0, 0, 0, 1, 0, 0, 0, 0, 0, 0, 0, 1, 1, 1, 0), 'DOWN'):1.8
((1, 0, 0, 0, 0, 0, 0, 1, 0, 1, 1, 1, 0, 3, 1, 0.5, 0.5, 1, 0), 'RIGHT'):0.0
((1, -1, 0, 1, 0, 0, 0, 0, 0, 0, 1, 0, 0, 0, 1, 0), 'DOWN'):0.0
((0, 0, 0, 1, 0, 0, 0, 0, 0, 0, 0, 0, 0, 0, 0, 0, 0, 1, 0), 'DOWN'):0.0
((0, 0, 0, -1, 0, 0, 1, 0, 0, 0, 0, 0, 0, 0, 0, 0), 'UP'):8.634062
((0, 0, 0, 0, 0, 0, 0, 1, 0, 0, 0, 0, 0, 0, 1, 1, 0, 1, 0), 'LEFT'):0.0
((0.5, 1, 0, 1, 0, 0, 0, 1, 0, 0, 0, 0, 0, 0, 0, 0, 0, 1, 0), 'UP'):-1000.0
((0, 0, 0, 0, 0, 0, 0, 0, 0, 0, 1, 1, 1, 0, 0, 0, 0, 0, 0), 'UP'):0.0
((0, 0, 1, 0, 0, 0, 0, 1, 0, 0, 0, 0, 0, 0, 0, 0, 0, 0, 0), 'STAY'):0.0
((0, 0, 0, 0, 0, 0, 0, 1, 0, 1, 0, 0, 0, 3, 1, 1, 1, 1, 3), 'RIGHT'):0.0
((0, 0, 0, 0, 1, 1, 1, 0, 3, 0, 1, 1, 0, 3, 0, 0, 0, 0, 0), 'LEFT'):0.0
((0, 0, 0, 0, 0, 0, 0, 0, 0, 0, 0, 0, 1, 0, 0, 1, 1, 1, 0), 'LEFT'):0.0
((0, 0, 0, 0, 0, 0, 0, 0, 0, 0, 0, 0, 1, 0, 0, 0, 0, 1, 0), 'LEFT'):12.606789421256606
((0, 0, 0, 0, 0, 0, 0, 0, 0, 0, 0, 0, 1, 0, 0, 0, 0, 0, 3), 'RIGHT'):0.0
((0, 0, 0, 0, 0, 0, 0, 0, 0, 1, 1, 1, 1, 3, 1, 1, 1, 0, 3), 'LEFT'):0.0
((0, 0, 0, 0, 0, 0, 0, 0, 0, 1, 1, 0, 1, 0, 0, 0, 0, 0, 0), 'STAY'):0.0
((0, 0, -1, 1, 1, 0, 0, 1, 0, 0, 0, 0, 0, 0), 'DOWN'):0.0
((0, 0, 0, 0, 0, 0, 0, 1, 0, 0, 0, 0, 0, 0, 1, 0, 0, 1, 0), 'DOWN'):0.0
((0, 0, 0, -1, 1, 1, 1, 3, 0, 0, 1, 3, 1, 0, 0, 0), 'LEFT'):0.0
((1, 0, 0, 0, 0, 0, 0, 1, 0, 0, 0, 0, 1, 0, 1, 0, 0, 0, 0), 'LEFT'):0.0
((0, 0, 0, 0, 0, 0, 0, 1, 0, 0, 0, 0, 0, 0, 0, 0, 1, 1, 0), 'DOWN'):0.0
((1, 0, 0, 0, 0, 0, 0, 0, 0, 0, 0, 0, 1, 0, 0, 0, 1, 1, 0), 'DOWN'):0.0
((0, 0, 0, 0, 0, 0, 0, 1, 0, 0, 0, 1, 1, 0, 0, 0, 0, 1, 0), 'UP'):13.505480257915618
((0, 0, 0, 0, 0, 0, 0, 0, 0, 0, 0, 0, 1, 0, 0, 0, 1, 1, 0), 'RIGHT'):0.0
((1, 0, -1, 0, 0, 0, 0, 1, 0, 0, 0, 0, 0, 0), 'UP'):-989.5889622624563
((0, -1, 0, 0, 0, 0, 1, 0, 0, 1, 1, 0, 0, 0, 1, 0), 'DOWN'):0.0
((0, 0, 0, 0, 1, 1, 0, 0, 0, 0, 0, 0, 0, 0, 0, 0, 0, 1, 0), 'LEFT'):0.0
((1, 1, 0, 1, 0, 0, 0, 0, 0, 0, 1, 1, 0, 0, 0, 0, 0, 0, 0), 'LEFT'):0.0
((1, 1, 0, 1, 0, 0, 0, 0, 0, 0, 0, 0, 1, 0, 0, 0, 0, 0, 0), 'DOWN'):0.0
((0, 0, 1, 0, 0, 0, 0, 1, 0, 0, 0, 0, 0, 0, 0, 0, 0, 0, 0), 'UP'):12.480305473642137
((0, 0, 0, -1, 1, 1, 0, 0, 0, 0, 1, 0, 0, 0, 0, 0), 'STAY'):0.0
((1, 0, 0, 0, 0, 0, 0, 1, 0, 0, 0, 0, 1, 0, 1, 0, 0, 0, 0), 'STAY'):0.0
((0, 0, 0, 0, 0, 0, 0, 1, 0, 1, 0, 0, 0, 3, 0, 1, 1, 1, 3), 'UP'):0.0
((1, 1, 0, 0.5, 0, 0, 0, 0, 0, 0, 0, 0, 0, 0, 0, 0, 0, 1, 0), 'DOWN'):0.0
((0, 0.5, 0, 0.5, 0, 0, 0, 1, 0, 1, 1, 1, 0, 3, 1, 1, 1, 1, 2), 'UP'):2.0
((1, 0, 0, 0, 0, 0, 0, 1, 0, 0, 0, 0, 1, 0, 1, 0, 0, 0, 0), 'UP'):0.0
((0, 0, 1, 0, 0, 0, 0, 0, 0, 0, 0, 0, 0, 0, 0, 0, 0, 1, 0), 'LEFT'):0.0
((1, 0, 0, 0, 0, 0, 0, 0, 0, 0, 0, 0, 1, 0, 0, 0, 0, 0, 0), 'STAY'):2.9322
((0, 0, 0, 0, 0, 0, 0, 1, 0, 0, 0, 0, 0, 3, 0, 0, 1, 1, 3), 'UP'):0.0
((0, 0, 0, -1, 0, 0, 0, 0, 0, 0, 0, 0, 0, 0, 0, 0), 'UP'):9.7706558
((0, 0, 0, -1, 1, 1, 1, 3, 0, 0, 1, 3, 1, 0, 0, 0), 'UP'):2.0
((0, 0, 0, -1, 1, 1, 0, 0, 0, 0, 1, 0, 0, 0, 0, 0), 'LEFT'):0.0
((0, 0, 0, 0, 0, 0, 0, 0, 0, 0, 0, 0, 0, 0, 0, 0, 1, 0, 0), 'STAY'):0.0
((1, -1, 0, 1, 0, 0, 0, 0, 0, 0, 1, 0, 0, 0, 1, 0), 'UP'):12.679854392488418
((0, 0, 0, 0, 0, 0, 0, 1, 0, 0, 0, 0, 0, 0, 0, 0, 1, 0, 3), 'UP'):6.551342761796182
((0, 0, 0, 0, 0, 0, 0, 0, 0, 1, 0, 0, 1, 0, 0, 1, 1, 1, 0), 'DOWN'):0.0
((0, 0, 0, 0, 0, 0, 0, 0, 0, 0, 1, 1, 0, 0, 0, 0, 0, 1, 0), 'DOWN'):0.0
((1, 1, 0, 1, 0, 0, 0, 0, 0, 0, 0, 0, 0, 0, 0, 0, 0, 0, 0), 'DOWN'):0.0
((1, 0, 0, 0, 0, 0, 0, 0, 0, 0, 0, 0, 0, 0, 0, 0, 0, 1, 0), 'UP'):0.0
((0.5, 0, 0, 0, 0, 0, 0, 1, 0, 0, 0, 0, 0, 0, 0, 0, 0, 0, 0), 'DOWN'):0.0
((0, 1, 0, 0, 0, 1, 1, 0, 0, 0, 0, 0, 0, 0, 0, 0, 0, 0, 0), 'LEFT'):12.609471752124023
((0, 0, 0, 0, 0, 0, 0, 1, 0, 1, 1, 0, 0, 0, 0, 0, 1, 0, 3), 'DOWN'):0.0
((0, 0, 0, 0, 1, 1, 0, 0, 0, 0, 0, 0, 0, 0, 0, 0, 0, 1, 0), 'UP'):5.42
((0, 0, 0, 0, 0, 0, 0, 0, 0, 0, 1, 1, 0, 0, 0, 0, 0, 1, 0), 'UP'):3.8
((0, 0, -1, 0, 1, 0, 0, 1, 3, 0, 0, 0, 0, 0), 'LEFT'):0.0
((0, 0, 0, -1, 0, 0, 1, 0, 0, 0, 1, 0, 0, 0, 1, 0), 'RIGHT'):0.0
((0, 0, -1, 1, 0, 0, 0, 1, 0, 0, 0, 0, 0, 0), 'RIGHT'):0.0
((0, 0, 0, 0, 0, 0, 0, 0, 0, 0, 1, 1, 0, 3, 1, 1, 1, 0, 3), 'DOWN'):0.0
((0, 0, 0, 0, 0, 0, 0, 0, 3, 0, 0, 0, 0, 3, 0, 0, 0, 0, 0), 'RIGHT'):0.0
((0, 0, 0, 0, 0, 0, 0, 0, 0, 0, 0, 0, 1, 0, 0, 0, 0, 0, 0), 'STAY'):0.0
((0.5, 0, 0, 0, 0, 0, 0, 0, 0, 0, 0, 0, 1, 0, 0, 0, 0, 1, 0), 'RIGHT'):0.0
((0, 0, 0, 0, 0, 0, 0, 0, 0, 0, 0, 0, 0, 0, 0, 0, 0, 0, 0), 'LEFT'):1.0
((0, 0, 0, 0, 0, 0, 0, 0, 0, 1, 1, 0, 0, 0, 0, 0, 0, 0, 0), 'STAY'):0.0
((0, 0, 0, 0, 0, 0, 0, 1, 0, 1, 1, 1, 0, 3, 1, 1, 0.5, 1, 1), 'RIGHT'):0.0
((0, 0, 0, 0, 1, 1, 0, 0, 0, 0, 0, 0, 0, 0, 0, 0, 0, 0, 0), 'DOWN'):10.763793707469302
((0, 0, 0, 0, 0, 0, 0, 0, 0, 0, 1, 1, 0, 3, 1, 1, 1, 0, 3), 'UP'):12.086308042619246
((1, 0, 0, 0, 0, 0, 0, 0, 0, 1, 1, 0, 0, 3, 1, 1, 0, 0, 3), 'LEFT'):0.0
((0, 1, 0, 0, 0, 1, 1, 0, 0, 0, 0, 0, 0, 0, 0, 0, 0, 0, 0), 'UP'):0.0
((1, 1, 0, 1, 0, 0, 0, 0, 0, 0, 0, 0, 0, 0, 0, 0, 0, 0, 0), 'LEFT'):0.0
((1, 0, 0, 0, 0, 1, 1, 0, 3, 1, 0, 0, 0, 0, 0, 0, 0, 0, 0), 'RIGHT'):0.0
((1, 1, 0, 1, 0, 0, 0, 1, 0, 0, 0, 0, 0, 0, 0, 1, 1, 1, 3), 'STAY'):0.0
((1, 0.5, 0, 1, 0, 0, 0, 0, 0, 0, 0, 0, 0, 0, 0, 0, 0, 1, 0), 'DOWN'):0.0
((1, 1, 0, 0, 0, 0, 0, 0, 0, 0, 0, 0, 1, 0, 0, 0, 0, 0, 3), 'RIGHT'):0.0
((0, -1, 0, 0, 0, 0, 0, 0, 1, 1, 1, 0, 0, 0, 1, 0), 'UP'):0.0
((0, 0, 0, 0, 0, 0, 0, 0, 0, 0.5, 1, 1, 0, 0, 1, 1, 1, 0, 3), 'UP'):0.0
((0, -1, -1, -1, 0, 0, 0, 1, 0), 'UP'):0.0
((0, 0, 0, 0, 0, 0, 0, 1, 0, 1, 1, 1, 0, 3, 1, 1, 0.5, 1, 1), 'DOWN'):0.0
((1, 0, 0, 0, 0, 0, 0, 0, 0, 1, 1, 1, 0, 3, 0, 1, 1, 0, 3), 'DOWN'):0.0
((1, 1, -1, 1, 0, 0, 0, 1, 0, 0, 0, 1, 1, 0), 'RIGHT'):-1000.0
((0, 0, 0, 0, 0, 0, 0, 0, 0, 0.5, 1, 1, 0, 0, 1, 1, 1, 0, 3), 'STAY'):0.0
((1, -1, -1, -1, 0, 0, 0, 0, 0), 'UP'):12.8537937074693
((1, 0, 0, 0, 0, 0, 0, 1, 0, 1, 1, 1, 0, 3, 1, 0.5, 0.5, 1, 0), 'LEFT'):0.0
((0, 0.5, 0, 0.5, 0, 0, 0, 1, 0, 1, 1, 1, 0, 3, 1, 1, 0.5, 1, 1), 'LEFT'):0.0
((0, 0, 0, 0, 0, 0, 0, 1, 0, 0, 0, 0, 0, 0, 1, 1, 0, 1, 0), 'STAY'):0.0
((0, 0, 0, -1, 0, 0, 0, 0, 0, 0, 1, 0, 0, 0, 1, 0), 'DOWN'):1.8
((0, 0, 1, 1, 0, 0, 0, 1, 0, 0, 0, 0, 0, 0, 0, 0, 0, 0, 0), 'STAY'):0.0
((1, 0, 0, 0, 0, 0, 0, 0, 0, 0, 0, 0, 1, 0, 1, 0, 0, 0, 3), 'DOWN'):0.0
((0, 1, 0, 0, 0, 0, 0, 1, 0, 0, 0, 0, 1, 0, 0, 0, 0, 0, 0), 'STAY'):0.0
((0, 0, 0, 0, 0, 0, 0, 0, 0, 0, 0, 0, 0, 0, 1, 1, 0, 1, 0), 'UP'):2.0
((1, 1, 0, 0.5, 0, 0, 0, 0, 0, 0, 0, 0, 0, 0, 0, 0, 0, 1, 0), 'LEFT'):0.0
((0, 0, 0, 1, 0, 0, 0, 1, 0, 0, 0, 0, 0, 0, 0, 0, 0, 0, 0), 'LEFT'):0.0
((0, -1, 0, 0, 0, 0, 0, 0, 0, 0, 0, 0, 0, 0, 1, 0), 'LEFT'):0.0
((0, 0, 0, 0, 0, 0, 0, 0, 0, 1, 0, 0, 1, 0, 0, 1, 1, 1, 0), 'RIGHT'):0.0
((0, 0, 0, 0, 0, 0, 0, 1, 0, 0, 0, 0, 1, 0, 1, 1, 1, 1, 1), 'DOWN'):0.0
((0, 0, 0, 0, 0, 0, 0, 0, 0, 0, 0, 1, 0, 3, 1, 1, 0, 0, 3), 'STAY'):0.0
((0, 0, 1, 0, 0, 0, 0, 0, 0, 0, 0, 0, 0, 0, 0, 0, 0, 0, 0), 'RIGHT'):0.0
((0, 1, 0, 0, 0, 0, 0, 1, 0, 0, 0, 0, 0, 0, 0, 0, 0, 1, 0), 'RIGHT'):0.0
((1, 0, 0, 0, 0, 0, 0, 1, 0, 1, 0, 0, 0, 3, 1, 0, 0, 1, 3), 'UP'):0.0
((0, 0, 0, 0, 0, 0, 0, 1, 0, 0, 0, 0, 0, 0, 0, 0, 0, 0, 0), 'LEFT'):10.743099187418121
((0, 0, -1, 1, 1, 0, 0, 1, 0, 0, 0, 0, 0, 0), 'RIGHT'):0.0
((0, 1, 0, 0, 0, 0, 0, 1, 0, 0, 0, 0, 1, 0, 0, 0, 0, 0, 0), 'LEFT'):0.0
((1, 0, 0, 0, 0, 0, 0, 0, 0, 1, 0, 0, 0, 0, 0, 1, 1, 1, 0), 'RIGHT'):0.0
((1, 1, 0, 1, 0, 0, 0, 0, 0, 0, 0, 0, 1, 0, 0, 0, 0, 0, 0), 'UP'):-989.5889622624563
((0, 0, 0, -1, 0, 0, 0, 0, 0, 1, 0, 0, 0, 0, 1, 0), 'STAY'):0.0
((0, 0, 0, 0, 0, 0, 0, 1, 0, 0, 0, 0, 0, 0, 1, 1, 1, 1, 2), 'RIGHT'):0.0
((0, 0, 0, 0, 0, 0, 0, 1, 0, 0, 0, 0, 0, 0, 0, 0, 0, 0, 3), 'RIGHT'):6.8962084856165635
((0, -1, 0, 0, 1, 1, 1, 0, 0, 0, 1, 0, 0, 0, 0, 0), 'LEFT'):0.0
((0, 0, 0, 0, 0, 0, 0, 0, 0, 0, 0, 1, 0, 3, 1, 1, 0, 0, 3), 'LEFT'):0.0
((0, 0, 0, 0, 1, 1, 0, 1, 0, 0, 0, 0, 0, 0, 1, 1, 0, 1, 0), 'RIGHT'):0.0
((0.5, 0, 0, 1, 1, 1, 1, 0, 3, 1, 1, 0.5, 1, 1, 0, 0, 0, 0, 0), 'RIGHT'):0.0
((0, -1, 0, 0, 0, 0, 0, 0, 0, 0, 0, 0, 0, 0, 1, 0), 'RIGHT'):0.0
((0, 0, 0, 0, 0, 0, 0, 1, 0, 0, 0, 0, 1, 0, 1, 1, 1, 1, 1), 'UP'):13.190690117477518
((0, 0, -1, 0, 0, 0, 0, 0, 0, 0, 0, 0, 1, 0), 'LEFT'):0.0
((0, 0, 0, 0, 0, 0, 0, 0, 0, 1, 1, 0, 0, 0, 0, 0, 0, 0, 0), 'LEFT'):0.0
((0, 0, 0, 0, 0, 0, 0, 0, 0, 1, 1, 0, 0, 3, 0, 0, 1, 0, 3), 'STAY'):0.0
((0, 0, 0, 0, 0, 0, 0, 0, 0, 1, 1, 1, 1, 3, 1, 0.5, 0.5, 0, 2), 'LEFT'):0.0
((1, 1, -1, 1, 0, 0, 0, 1, 0, 0, 0, 0, 1, 0), 'LEFT'):0.0
((0, 0, 0, 0, 0, 0, 0, 1, 0, 1, 0, 0, 1, 0, 0, 0, 0, 0, 0), 'LEFT'):1.0
((0, 0, 0, 0, 0, 0, 0, 1, 0, 0, 0, 0, 0, 0, 0, 0, 0, 1, 3), 'STAY'):0.0
((0, 0, 0, 0, 0, 0, 0, 0, 0, 1, 1, 1, 1, 3, 1, 0.5, 0.5, 0, 1), 'LEFT'):1.0
((0, 1, -1, 1, 0, 0, 0, 0, 0, 1, 1, 0, 1, 0), 'DOWN'):0.0
((0, 0, 0, 0, 1, 0, 0, 0, 0, 0, 0, 0, 0, 0, 0, 0, 0, 1, 0), 'UP'):0.0
((1, 1, 0, 1, 0, 1, 1, 0, 3, 1, 1, 0, 0, 3, 1, 0, 0, 0, 0), 'RIGHT'):0.0
((0, 1, 1, 1, 0, 0, 0, 0, 0, 0, 0, 0, 1, 0, 0, 1, 1, 1, 0), 'STAY'):-1000.0
((1, 0, 0, 0, 0, 0, 0, 1, 0, 0, 0, 0, 0, 3, 0, 0, 1, 1, 3), 'LEFT'):0.0
((0, 0, 1, 0, 0, 0, 0, 0, 0, 0, 0, 0, 0, 0, 0, 0, 0, 1, 0), 'UP'):11.364749041976184
((0, 0, 0, 0, 0, 0, 0, 1, 0, 0, 1, 1, 1, 0, 0, 0, 0, 0, 0), 'DOWN'):0.0
((0, 0, 1, 0, 0, 0, 0, 1, 0, 0, 0, 0, 1, 0, 0, 0, 0, 1, 0), 'DOWN'):0.0
((0, 1, 0, 1, 0, 0, 0, 0, 0, 0, 0, 0, 0, 0, 0, 0, 0, 1, 0), 'LEFT'):0.0
((1, 1, 0, 1, 0, 0, 0, 0, 0, 0, 0, 0, 0, 0, 0, 0, 0, 1, 0), 'LEFT'):2.8
((1, 1, -1, 0, 0, 0, 0, 1, 0, 0, 0, 0, 1, 0), 'LEFT'):0.0
((1, 0, 0, 0, 0, 0, 0, 0, 0, 1, 1, 1, 0, 3, 1, 1, 0, 0, 3), 'RIGHT'):0.0
((0, 0, 0, 0, 0, 0, 0, 1, 0, 0, 1, 1, 1, 0, 0, 0, 0, 0, 0), 'STAY'):0.0
((1, 0, 0, 0, 0, 0, 0, 0, 0, 1, 1, 1, 0, 3, 0, 1, 1, 0, 3), 'STAY'):0.0
((0, 0, 0, 0, 0, 0, 0, 0, 0, 0, 0, 0, 0, 0, 1, 1, 0, 0, 0), 'DOWN'):0.0
((0, 0, 0, 0, 0, 0, 0, 1, 0, 0, 0, 0, 0, 0, 0, 1, 1, 1, 0), 'RIGHT'):0.0
((0, 0, 0, 0, 1, 0, 0, 1, 0, 1, 0, 0, 0, 0, 0, 0, 0, 0, 0), 'RIGHT'):0.0
((0, 0, 0, 0, 0, 0, 0, 0, 0, 1, 0, 0, 0, 3, 1, 1, 0, 0, 3), 'LEFT'):0.0
((0, 0, 0, 0, 0, 0, 0, 0, 0, 0.5, 0.5, 1, 0, 0, 0, 0, 1, 0, 2), 'LEFT'):0.0
((0, 0, 0, 0, 0, 0, 0, 0, 0, 1, 1, 1, 1, 3, 1, 0.5, 0.5, 0, 2), 'DOWN'):0.0
((0, 0, 0, 0, 0, 0, 0, 0, 0, 0, 0, 1, 1, 0, 0, 0, 0, 1, 0), 'STAY'):10.742408042619246
((0, 0, 0, -1, 0, 0, 1, 0, 0, 0, 1, 0, 0, 0, 0, 0), 'DOWN'):7.371180000000001
((0, 0, 0, 0, 0, 0, 0, 1, 0, 0, 0, 0, 0, 0, 1, 1, 1, 0, 3), 'STAY'):0.0
((0, 0, 0, 0, 1, 0, 0, 0, 0, 0, 1, 1, 1, 0, 0, 0, 0, 1, 0), 'LEFT'):0.0
((0, 0, 0, 0, 0, 0, 0, 1, 0, 0, 0, 0, 1, 0, 1, 1, 0, 0, 0), 'LEFT'):1.0
((0, 0, 0, 0, 0, 0, 0, 0, 0, 0, 0, 0, 1, 0, 1, 1, 0, 1, 0), 'UP'):10.178300117477518
((1, 0, 0, 0, 0, 0, 0, 0, 0, 1, 1, 1, 0, 3, 1, 1, 0, 0, 3), 'STAY'):0.0
((1, 0, -1, 0, 0, 0, 0, 1, 0, 0, 0, 0, 0, 0), 'LEFT'):0.0
((0, 0, 0, 0, 0, 0, 0, 1, 0, 0, 0, 0, 0, 0, 1, 1, 1, 0, 3), 'RIGHT'):1.0
((0, 0, 0, 0, 0, 0, 0, 0, 0, 1, 1, 0, 1, 0, 0, 0, 0, 1, 0), 'RIGHT'):0.0
((0, 0, 0, 0, 0, 0, 0, 1, 0, 0, 0, 0, 0, 0, 1, 1, 1, 1, 2), 'DOWN'):0.0
((0, 0, 0, 0, 0, 0, 0, 0, 0, 0, 1, 1, 0, 3, 1, 1, 1, 0, 3), 'RIGHT'):0.0
((1, 0, 0, 0, 0, 0, 1, 0, 0, 0, 0, 0, 0, 0, 0, 0, 1, 1, 0), 'DOWN'):0.0
((0, 1, 0, 1, 0, 0, 0, 1, 0, 0, 0, 0, 0, 0, 1, 0, 0, 0, 3), 'DOWN'):0.0
((0, 0.5, 0, -1, 0, 0, 0, 0, 0, 0, 0, 0, 0, 0, 0, 0), 'RIGHT'):0.0
((0, 0, 0, 0, 0, 0, 0, 1, 0, 0, 0, 0, 1, 0, 0, 0, 0, 1, 0), 'DOWN'):10.176432690285116
((0, 0, 0, 0, 1, 1, 0, 0, 0, 0.5, 0.5, 1, 0, 0, 0, 0, 0, 0, 3), 'RIGHT'):0.0
((1, 0, 0, 0, 1, 0, 0, 1, 0, 0, 0, 0, 1, 0, 0, 0, 0, 0, 0), 'LEFT'):0.0
((0, 1, 0, 0, 0, 0, 0, 1, 0, 0, 0, 0, 0, 0, 0, 0, 0, 0, 0), 'RIGHT'):0.0
((1, 0, 0, 0, 1, 1, 1, 0, 3, 0, 0, 0, 1, 0, 0, 0, 0, 0, 0), 'STAY'):0.0
((0, 0, 0, 0, 0, 0, 0, 1, 0, 1, 0, 0, 0, 3, 1, 1, 1, 1, 3), 'LEFT'):0.0
((0, 1, 0, 0, 0, 1, 1, 0, 0, 0, 0, 0, 0, 0, 0, 0, 0, 0, 0), 'STAY'):0.0
((0, -1, -1, -1, 0, 0, 0, 1, 0), 'RIGHT'):2.8
((0, 1, 1, 1, 0, 0, 0, 1, 0, 0, 0, 0, 0, 0, 0, 0, 0, 0, 0), 'RIGHT'):0.0
((0, 0, 0, 0, 0, 0, 0, 0, 0, 0, 0, 0, 0, 0, 0, 0, 0, 1, 0), 'RIGHT'):1.0
((0, 0, 0, 0, 1, 1, 0, 0, 3, 1, 0, 0, 0, 3, 0, 0, 1, 0, 0), 'UP'):2.0
((0, 0, 0, -1, 0, 0, 0, 0, 0, 0, 0, 0, 0, 0, 0, 0), 'STAY'):1.8
((0, 0, 0, 0, 0, 0, 0, 0, 0, 0, 0, 0, 0, 0, 0, 0, 0, 1, 0), 'DOWN'):11.148030645875679
((0, 0, 0, 0, 0, 0, 0, 0, 0, 1, 0, 0, 1, 0, 0, 0, 0, 1, 0), 'STAY'):0.0
((0, -1, -1, -1, 0, 0, 0, 1, 0), 'STAY'):0.0
((0, 0, 0, 1, 0, 0, 0, 1, 0, 0, 0, 0, 0, 0, 0, 0, 0, 0, 0), 'STAY'):9.806295293108791
((1, -1, -1, -1, 0, 0, 0, 0, 0), 'RIGHT'):0.0
((1, 0, 0, -1, 0, 0, 1, 3, 1, 0, 0, 0, 0, 0, 0, 0), 'DOWN'):0.0
((0, 0, -1, 0, 1, 0, 0, 0, 3, 1, 1, 1, 1, 3), 'LEFT'):0.0
((0, 0, 0, 0, 0, 0, 0, 0, 0, 1, 0, 0, 0, 3, 1, 1, 0, 0, 3), 'DOWN'):0.0
((0, 0, 0, 0, 0, 0, 0, 1, 0, 0, 0, 1, 0, 0, 0, 0, 0, 1, 0), 'STAY'):0.0
((0, 0, 0, 0, 0, 0, 0, 1, 0, 0, 0, 1, 0, 0, 0, 0, 0, 1, 0), 'DOWN'):0.0
((0, 0, 0, 0, 0, 0, 0, 0, 3, 0, 1, 1, 0, 0, 0, 0, 0, 0, 0), 'UP'):2.0
((0, 0, 0, -1, 0, 0, 0, 0, 1, 0, 0, 0, 0, 0, 1, 0), 'STAY'):0.0
((0, 0, 0, 0, 1, 0, 0, 0, 0, 0, 0, 0, 1, 0, 0, 0, 0, 1, 0), 'UP'):12.630910787090894
((1, 0, 0, -1, 0, 0, 1, 3, 1, 0, 0, 0, 0, 0, 0, 0), 'UP'):-1000.0
((0, 0, 0, 0, 1, 0, 0, 0, 0, 0, 0, 0, 0, 0, 0, 0, 0, 0, 0), 'DOWN'):0.0
((0, 0, 0, 0, 1, 0, 0, 1, 0, 0, 0, 0, 1, 0, 0, 0, 0, 1, 0), 'RIGHT'):0.0
((0, 0, 0, 0, 1, 1, 1, 0, 1, 1, 1, 1, 0, 3, 0, 0, 1, 0, 0), 'RIGHT'):0.0
((0, 0, 0, -1, 0, 0, 1, 0, 0, 0, 1, 0, 0, 0, 0, 0), 'STAY'):3.42
((0, 0, 0, 0, 0, 0, 0, 0, 0, 1, 1, 1, 0, 3, 0, 0, 1, 0, 3), 'LEFT'):0.0
((0, 0, 0, -1, 0, 0, 0, 0, 0, 0, 0, 0, 1, 0, 0, 0), 'UP'):2.0
((0, 0, 0, 0, 1, 1, 0, 0, 0, 0, 0, 0, 0, 0, 0, 0, 0, 0, 0), 'STAY'):0.0
((0, 0, 0, 0, 1, 0, 0, 0, 0, 0, 0, 0, 0, 0, 0, 0, 0, 0, 0), 'UP'):0.0
((0, 0.5, 0, 0.5, 0, 0, 0, 1, 0, 1, 1, 1, 0, 3, 1, 1, 1, 1, 2), 'DOWN'):0.0
((0, 1, 1, 1, 0, 0, 0, 0, 0, 0, 0, 0, 1, 0, 0, 0, 0, 1, 0), 'UP'):-1000.0
((0, 0, 0, -1, 0, 0, 1, 0, 0, 0, 1, 0, 0, 0, 0, 0), 'RIGHT'):0.0
((0, 0, 0, 0, 0, 0, 0, 0, 0, 0, 0, 1, 1, 0, 0, 0, 0, 0, 0), 'UP'):2.0
((0, 0, 0, 0, 0, 0, 0, 0, 0, 1, 0, 0, 1, 0, 0, 1, 1, 1, 0), 'STAY'):0.0
((0, 0, 0, -1, 0, 0, 0, 0, 0, 0, 0, 0, 1, 0, 0, 0), 'DOWN'):0.0
((1, 0, -1, 0, 0, 0, 0, 0, 0, 0, 0, 0, 1, 0), 'UP'):-1000.0
((0, 0, 0, 0, 0, 0, 0, 0, 0, 1, 0, 0, 0, 3, 0, 0, 0, 0, 3), 'RIGHT'):0.0
((0, 0, 0, 0, 0, 1, 1, 0, 3, 0, 0, 0, 0, 0, 0, 0, 0, 0, 0), 'DOWN'):0.0
((0, 1, 0, 0, 1, 1, 0, 0, 0, 0, 0, 0, 1, 0, 0, 0, 0, 1, 0), 'RIGHT'):0.0
((0, 0, 0, 0, 0, 0, 0, 1, 0, 1, 1, 1, 0, 3, 1, 1, 0.5, 1, 1), 'LEFT'):0.0
((1, 1, -1, 1, 0, 0, 0, 1, 0, 0, 0, 0, 1, 0), 'DOWN'):0.0
((1, 1, 0, 1, 0, 0, 0, 0, 0, 0, 0, 0, 1, 0, 0, 0, 0, 0, 0), 'STAY'):0.0
((0, 0, 1, 0, 0, 0, 0, 1, 0, 0, 0, 0, 1, 0, 0, 0, 0, 1, 0), 'STAY'):0.0
((1, 0, 0, 0, 0, 0, 0, 0, 0, 0, 0, 0, 1, 0, 0, 0, 0, 1, 0), 'STAY'):0.0
((0, 0, 0, 0, 0, 0, 0, 0, 0, 0, 1, 1, 0, 3, 0, 0, 0, 0, 3), 'LEFT'):0.0
((0, 1, 0, 0, 0, 0, 0, 0, 0, 0, 0, 0, 1, 0, 0, 0, 0, 1, 0), 'LEFT'):0.0
((0, 0, 0, -1, 0, 0, 1, 0, 0, 0, 1, 0, 0, 0, 1, 0), 'DOWN'):0.0
((1, -1, 0, 0, 0, 0, 1, 0, 0, 0, 1, 0, 0, 0, 0, 0), 'RIGHT'):0.0
((1, 1, 0, 0, 1, 1, 1, 0, 3, 0, 0, 0, 1, 3, 0, 0, 0, 0, 0), 'RIGHT'):0.0
((0, -1, 0, 0, 1, 1, 1, 0, 0, 0, 1, 0, 0, 0, 0, 0), 'DOWN'):0.0
((0, 1, 0, 0, 0, 0, 0, 1, 0, 0, 0, 0, 0, 0, 0, 0, 0, 1, 0), 'DOWN'):0.0
((0, 0, 0, 0, 0, 0, 0, 0, 0, 0, 1, 1, 1, 0, 0, 0, 0, 1, 0), 'LEFT'):0.0
((0, 0.5, 0, 0.5, 0, 0, 0, 1, 0, 1, 1, 1, 0, 3, 1, 1, 1, 1, 2), 'LEFT'):0.0
((1, 0, 0, 0, 0, 0, 0, 0, 0, 1, 0, 0, 0, 3, 1, 0, 0, 0, 3), 'DOWN'):0.0
((1, 0, 0, 0, 0, 0, 0, 0, 0, 0, 0, 0, 0, 0, 0, 0, 0, 0, 0), 'LEFT'):12.923672119220488
((0, 0, 0, 0, 0, 0, 1, 1, 0, 0, 0, 0, 1, 0, 0, 0, 0, 0, 0), 'DOWN'):0.0
((0, 0.5, 0, 0.5, 0, 0, 0, 1, 0, 1, 1, 1, 0, 3, 1, 1, 0.5, 1, 1), 'STAY'):0.0
((1, 0, 0, 0, 0, 0, 0, 0, 0, 0, 0, 0, 1, 0, 0, 0, 0, 0, 0), 'LEFT'):0.0
((1, 0, 0, 0, 0, 0, 0, 0, 3, 0, 0, 1, 0, 0, 0, 0, 0, 0, 0), 'UP'):-1000.0
((0, 0, 0, -1, 0, 0, 0, 0, 1, 0, 0, 0, 0, 0, 1, 0), 'LEFT'):0.0
((0, 0, 0, 0, 0, 0, 0, 0, 3, 0, 1, 1, 0, 0, 0, 0, 0, 0, 0), 'STAY'):0.0
((0, -1, 0, 0, 0, 0, 1, 0, 0, 0, 1, 0, 0, 1, 1, 0), 'UP'):5.951180000000001
((0, 1, 0, 0, 0, 0, 0, 0, 0, 1, 1, 0, 1, 0, 0, 0, 0, 1, 0), 'UP'):2.0
((0, 0, 0, 0, 0, 0, 0, 0, 0, 0, 0, 1, 0, 0, 0, 0, 0, 1, 0), 'DOWN'):0.0
((0, 0, 0, 0, 0, 0, 0, 0, 3, 0, 0, 0, 0, 1, 0, 0, 0, 0, 0), 'LEFT'):0.0
((0, 0, 0, 1, 0, 0, 0, 0, 0, 0, 0, 0, 0, 0, 0, 0, 0, 1, 0), 'RIGHT'):0.0
((0, 0, 0, 0, 0, 0, 0, 1, 0, 1, 1, 0, 1, 0, 0, 0, 0, 0, 0), 'UP'):2.0
((1, 1, 0, 1, 0, 0, 0, 0, 3, 0, 0, 1, 0, 3, 0, 1, 1, 0, 0), 'RIGHT'):0.0
((0, 0, 0, -1, 0, 0, 0, 0, 0, 0, 0, 0, 0, 0, 0, 0), 'DOWN'):0.0
((0, 0, 0, -1, 0, 0, 0, 0, 0, 1, 0, 0, 0, 0, 1, 0), 'DOWN'):0.0
((0, 0, 0, 0, 0, 0, 0, 1, 0, 0, 0, 0, 0, 0, 0, 0, 1, 0, 3), 'STAY'):0.0
((0, 0, 0, 0, 1, 1, 0, 0, 0, 0, 0, 0, 0, 0, 0, 0, 0, 0, 0), 'RIGHT'):0.0
((0, 1, 0, 0, 0, 0, 0, 0, 0, 1, 1, 0, 1, 0, 0, 0, 0, 1, 0), 'LEFT'):0.0
((1, -1, -1, -1, 0, 0, 0, 0, 0), 'LEFT'):0.0
((0, 0, 0, 0, 0, 0, 0, 0, 0, 1, 1, 0, 1, 0, 0, 0, 0, 0, 0), 'UP'):2.0
((0, 0, 0, 0, 0, 0, 0, 1, 0, 0, 1, 1, 0, 0, 0, 0, 0, 1, 0), 'DOWN'):0.0
((0, 0, 0, 0, 0, 0, 0, 0, 0, 1, 0, 0, 1, 0, 1, 0, 0, 0, 0), 'RIGHT'):0.0
((0, 0, 0, 0, 0, 0, 1, 0, 0, 0, 0, 0, 0, 0, 0, 0, 0, 1, 0), 'STAY'):0.0
((0, 0, -1, 0, 0, 0, 0, 1, 0, 0, 0, 0, 0, 0), 'UP'):13.366837737543626
((0, 0, 0, 0, 0, 0, 0, 1, 0, 1, 0, 0, 0, 0, 0.5, 0.5, 1, 0, 0), 'RIGHT'):0.0
((0.5, 1, 0, 1, 0, 0, 0, 1, 0, 0, 0, 0, 0, 0, 0, 0, 0, 1, 0), 'STAY'):0.0
((0, 0, 0, -1, 0, 0, 0, 0, 0, 0, 0, 0, 1, 1, 0, 0), 'STAY'):0.0
((1, 0, 0, 0, 1, 1, 1, 0, 3, 0, 0, 0, 1, 0, 0, 0, 0, 0, 0), 'LEFT'):0.0
((0, 0, -1, 0, 0, 0, 0, 1, 0, 0, 0, 0, 1, 0), 'UP'):12.23806078564111
((1, 0, 0, 0, 0, 0, 0, 1, 0, 0, 0, 0, 1, 0, 0, 0, 0, 1, 0), 'UP'):-1000.0
((0, 0, 1, 0, 0, 0, 0, 0, 0, 0, 0, 0, 0, 0, 0, 0, 0, 0, 0), 'LEFT'):10.658174416568595
((0, 0, 0, 0, 0, 0, 0, 0, 0, 1, 1, 0, 0, 0, 1, 1, 0, 1, 0), 'DOWN'):0.0
((0, 0, 0, 0, 1, 1, 1, 0, 3, 0, 1, 1, 0, 3, 0, 0, 0, 0, 0), 'UP'):2.0
((0, -1, 0, 0, 0, 0, 1, 0, 0, 0, 1, 0, 0, 1, 1, 0), 'LEFT'):0.0
((0, 1, 0, 1, 0, 0, 0, 0, 0, 0, 0, 0, 1, 0, 0, 0, 0, 1, 0), 'RIGHT'):0.0
((1, 0, 0, 0, 0, 1, 1, 0, 3, 1, 0, 0, 0, 0, 0, 0, 0, 0, 0), 'LEFT'):0.0
((0, 0, 0, 0, 0, 0, 0, 1, 0, 1, 0, 0, 0, 3, 1, 1, 0, 1, 3), 'UP'):2.0
((0, 0, 0, -1, 0, 0, 0, 0, 0, 0, 1, 0, 0, 0, 1, 0), 'STAY'):0.0
((0, 0, 0, 0, 0, 0, 0, 0, 0, 0, 0, 0, 1, 0, 1, 0, 0, 0, 3), 'DOWN'):0.0
((1, 0, 0, 0, 0, 0, 0, 1, 0, 0, 0, 0, 1, 0, 0, 0, 0, 1, 0), 'DOWN'):0.0
((1, -1, 0, 0, 0, 0, 1, 0, 0, 0, 1, 0, 0, 0, 0, 0), 'LEFT'):0.0
((0, 0, 0, 0, 0, 0, 0, 0, 0, 0, 0, 0, 0, 0, 1, 1, 0, 0, 0), 'UP'):2.0
((0, 0, 0, 0, 0, 0, 0, 0, 0, 1, 1, 0, 0, 0, 1, 1, 0, 1, 0), 'UP'):2.0
((0, 0, 0, 0, 0, 0, 0, 0, 0, 0.5, 1, 1, 0, 0, 1, 1, 1, 0, 3), 'DOWN'):0.0
((1, -1, 0, 1, 0, 0, 0, 0, 0, 0, 1, 0, 0, 0, 1, 0), 'STAY'):0.0
((0, 0, 0, 0, 0, 0, 0, 1, 0, 1, 0, 0, 0, 3, 1, 1, 0, 1, 3), 'LEFT'):0.0
((0, 0, 0, 0, 0, 0, 0, 0, 0, 0, 0, 0, 1, 0, 0, 0, 1, 1, 0), 'STAY'):0.0
((1, 0, 0, 0, 0, 0, 0, 0, 0, 0, 0, 0, 1, 0, 1, 0, 0, 0, 3), 'RIGHT'):0.0
((0, 0, 0, 0, 0, 0, 0, 0, 3, 1, 0, 0, 0, 3, 0, 0, 0, 0, 0), 'DOWN'):0.0
((1, 1, 0, 1, 0, 0, 0, 0, 0, 0, 1, 1, 0, 0, 0, 0, 0, 0, 0), 'RIGHT'):0.0
((0, 0, 0, 0, 0, 0, 0, 1, 0, 1, 0, 0, 1, 0, 0, 0, 0, 0, 0), 'STAY'):0.0
((0, 0, 0, 0, 1, 1, 1, 1, 3, 1, 1, 1, 0, 3, 0, 0, 0, 1, 0), 'UP'):2.0
((0, -1, 0, 0, 0, 0, 1, 0, 0, 0, 0, 0, 0, 0, 0, 0), 'DOWN'):0.0
((0, 0, 0, -1, 0, 0, 0, 0, 0, 0, 0, 0, 1, 1, 0, 0), 'RIGHT'):1.0
((0, -1, -1, -1, 0, 0, 0, 0, 0), 'UP'):2.0
((0, 0, 0, 0, 0, 0, 0, 1, 0, 0, 0, 0, 0, 3, 0, 0, 1, 1, 3), 'RIGHT'):0.0
((0, 0, 0, 0, 0, 0, 0, 0, 0, 1, 1, 0, 0, 0, 0, 0, 0, 0, 0), 'UP'):3.8
((0, 0, 0, 0, 0, 0, 0, 1, 0, 0, 0, 0, 0, 0, 0.5, 0.5, 1, 0, 0), 'RIGHT'):0.0
((0, 0, 0, 0, 0, 0, 0, 1, 0, 0, 0, 0, 0, 0, 0, 0, 0, 1, 0), 'UP'):7.3514147780000005
((0, 0, 0, 0, 0, 0, 0, 0, 0, 0.5, 0.5, 1, 0, 0, 0, 0, 1, 0, 2), 'DOWN'):0.0
((0, 0, 0, 0, 0, 0, 0, 1, 0, 0, 0, 0, 0, 0, 0.5, 0.5, 1, 0, 0), 'STAY'):0.0
((0, 0, 0, 0, 0, 0, 0, 1, 0, 0, 1, 1, 1, 3, 0, 0, 0, 1, 3), 'DOWN'):0.0
((1, 0, 0, 0, 0, 0, 0, 1, 0, 1, 0, 0, 0, 3, 1, 0, 0, 1, 3), 'DOWN'):0.0
((0, 1, 0, 0, 0, 0, 0, 1, 0, 1, 0, 0, 1, 0, 0, 0, 0, 0, 0), 'STAY'):0.0
((0, 0, 0, -1, 0, 0, 1, 0, 1, 0, 0, 0, 0, 0, 1, 0), 'DOWN'):0.0
((0, 0, 0, 0, 1, 1, 1, 1, 3, 1, 0.5, 0.5, 0, 1, 0, 0, 0, 1, 0), 'STAY'):0.0
((0, 0, 0, 0, 0, 0, 0, 1, 0, 0.5, 0.5, 0.5, 0, 0, 0, 0, 0, 1, 3), 'DOWN'):0.0
((1, 0, 0, 0, 0, 0, 0, 1, 0, 0, 0, 0, 0, 0, 0, 0, 0, 1, 0), 'UP'):-993.8098
((0, 0, 0, 0, 0, 0, 0, 1, 0, 0, 0, 0, 0, 3, 1, 1, 1, 1, 3), 'DOWN'):0.0
((0, 0, 0, 0, 0, 0, 0, 1, 0, 0, 1, 1, 1, 0, 0, 0, 0, 0, 0), 'UP'):0.0
