((0, 1, 1, 1, 1), 'DOWN'):15.75691025629122
((0, 1, 0, 1, 1, 2), 'UP'):-82.66335705867328
((0, 1, 0, 1, 1, 0), 'DOWN'):0.0
((1, 0, 0, 0, 1), 'LEFT'):0.0
((0, 0, 1, 0, 0, 1), 'DOWN'):0.0
((0, 0, 0, 1, 0, 0), 'RIGHT'):0.0
((1, 1, 0, 0, 0), 'UP'):-102.31085619628627
((0, 1, 0, 0, 0, -1), 'RIGHT'):0.004355906675618744
((0, 1, 0, 1, 0, -1), 'LEFT'):0.0
((1, 0, 1, 1, 0), 'DOWN'):-1.5214589285041455
((0, 1, 0, 1, 1, -1), 'UP'):1.5203484725340497
((0, 1, 0, 1, 0, -1), 'RIGHT'):0.0
((0, 1, 1, 1, 1, 1), 'UP'):-45.50730262392127
((1, 0, 1, 0, 1, 1), 'RIGHT'):0.0
((0, 0, 1, 0, 1), 'RIGHT'):5.761603572429774
((1, 0, 1, 0, 0, 2), 'DOWN'):1.1641290645577804
((0, 1, 0, 1, 0, 1), 'DOWN'):0.8576221705961988
((0, 0, 1, 1, 1, 2), 'DOWN'):-57.58547728100122
((1, 0, 1, 0, 0, 0), 'STAY'):0.44201264781855293
((0, 1, 1, 0, 0), 'LEFT'):9.603465093968891
((1, 1, 1, 1, 0), 'STAY'):-111.86718225761038
((0, 0, 1, 0, 1, 2), 'LEFT'):1.1016956414927657
((0, 1, 1, 0, 1), 'DOWN'):1.5977162845631327
((1, 0, 0, 1, 1, 2), 'UP'):2.6009472000000002
((0, 1, 0, 0, 0, 2), 'UP'):-89.14418809665521
((1, 1, 0, 1, 1, 2), 'STAY'):24.39378639577568
((0, 1, 0, 0, 0, 1), 'RIGHT'):7.579495162424607
((0, 0, 1, 1, 1, -1), 'DOWN'):0.0
((1, 1, 1, 0, 0, 0), 'DOWN'):2.6515025897796343
((0, 0, 0, 1, 0, 1), 'DOWN'):0.0
((1, 0, 0, 0, 0), 'LEFT'):14.350440494534858
((1, 0, 0, 1, 1, 2), 'LEFT'):0.0
((1, 1, 1, 0, 0, 1), 'DOWN'):0.0
((0, 0, 0, 1, 0, -1), 'RIGHT'):0.0
((1, 1, 0, 1, 0, 0), 'STAY'):4.5652612850419105
((1, 1, 0, 0, 0, 1), 'UP'):-69.34673199999988
((0, 0, 1, 1, 1, 2), 'STAY'):6.334191085844385
((0, 1, 0, 0, 0, 1), 'DOWN'):0.9658637937883638
((1, 0, 0, 1, 0), 'STAY'):-13.431905434930723
((1, 1, 1, 0, 1, 0), 'RIGHT'):-28.927507193570673
((0, 0, 0, 1, 0, 0), 'STAY'):0.0
((0, 1, 1, 1, 1, 2), 'UP'):-65.63283573197546
((1, 0, 0, 0, 0, 2), 'DOWN'):0.21374919237181955
((1, 1, 1, 0, 0, 1), 'UP'):-21.910104437290236
((0, 1, 1, 0, 0), 'DOWN'):0.9174289539681182
((1, 1, 1, 0, 1, 2), 'LEFT'):18.21139563157863
((0, 0, 0, 0, 0, 0), 'LEFT'):-18.42665578392351
((1, 0, 1, 0, 1, 1), 'DOWN'):0.0
((1, 0, 0, 1, 1), 'DOWN'):0.0
((1, 1, 0, 0, 0, 1), 'STAY'):16.21135176041858
((1, 0, 0, 0, 0), 'DOWN'):8.670173107421055
((0, 0, 0, 0, 1), 'DOWN'):0.0
((1, 1, 1, 1, 1, 2), 'RIGHT'):6.772731365977133
((0, 1, 1, 0, 1, 0), 'STAY'):12.874502084504488
((0, 0, 1, 0, 0, 1), 'LEFT'):0.7873819004146584
((0, 1, 0, 1, 0, 1), 'STAY'):13.508008138131823
((0, 1, 1, 1, 1), 'RIGHT'):18.95155253323491
((1, 1, 1, 1, 1, 0), 'LEFT'):13.17504882338215
((1, 1, 0, 1, 1, 2), 'LEFT'):-30.851360746058916
((0, 0, 0, 0, 0, 1), 'STAY'):-6.914809503249648
((0, 1, 1, 0, 0, 0), 'DOWN'):2.3677641058160015
((1, 1, 1, 0, 0, 2), 'STAY'):17.06232319456456
((0, 0, 0, 1, 0), 'RIGHT'):18.715348384780967
((1, 1, 0, 1, 0, 0), 'UP'):-14.799999999999992
((0, 1, 0, 1, 1), 'LEFT'):2.232254852789846
((0, 1, 0, 1, 1, 1), 'UP'):-8.893804723145275
((0, 1, 1, 0, 1, 0), 'LEFT'):14.457507075284232
((1, 0, 1, 0, 1), 'RIGHT'):0.0
((0, 1, 0, 0, 1), 'UP'):0.8
((0, 1, 0, 1, 1, 2), 'DOWN'):9.773540659432733
((1, 0, 1, 1, 1), 'UP'):33.29974446132852
((0, 0, 0, 1, 1, 2), 'STAY'):5.613072852758751
((0, 0, 0, 1, 1, -1), 'DOWN'):0.0
((0, 0, 0, 1, 1, -1), 'STAY'):0.0
((1, 1, 0, 0, 0), 'DOWN'):8.416894897700281
((0, 1, 0, 1, 1, 1), 'LEFT'):-24.889389602651782
((0, 0, 1, 0, 0, 0), 'DOWN'):0.0
((0, 1, 1, 1, 1, 1), 'DOWN'):0.0
((1, 0, 1, 0, 0, 2), 'UP'):-14.699999999999992
((0, 0, 1, 1, 1), 'UP'):5.525761973925654
((0, 1, 0, 1, 0, 1), 'UP'):-90.01631051162221
((0, 0, 1, 1, 1, 1), 'LEFT'):7.500778136547072
((0, 1, 0, 1, 1, -1), 'LEFT'):0.0
((1, 0, 1, 0, 0), 'LEFT'):13.62203698562839
((0, 1, 1, 1, 1, 0), 'STAY'):17.658751194441514
((0, 0, 1, 0, 0, -1), 'STAY'):-15.999999999999993
((1, 1, 1, 0, 1, 0), 'STAY'):6.81885014612376
((0, 1, 0, 0, 0, 0), 'UP'):-146.15818996787934
((0, 1, 1, 1, 0, 2), 'RIGHT'):1.556288223363398
((0, 1, 0, 0, 0, 2), 'DOWN'):15.021733405006433
((0, 1, 0, 0, 1), 'STAY'):0.0
((0, 0, 1, 0, 0, 2), 'RIGHT'):-13.257841593599993
((0, 1, 1, 1, 0, 0), 'STAY'):-101.92809849329994
((0, 0, 1, 0, 1, 2), 'STAY'):3.8065527529260663
((0, 1, 1, 0, 0, 0), 'STAY'):-12.873418660889373
((0, 0, 0, 1, 0), 'STAY'):1.6234440119593607
((0, 1, 1, 0, 1, 0), 'DOWN'):0.0
((0, 1, 1, 1, 1, -1), 'RIGHT'):0.06019574002303749
((1, 0, 0, 1, 0, 2), 'UP'):-14.699999999999992
((1, 1, 0, 0, 0, 1), 'DOWN'):0.0
((0, 1, 1, 0, 1, -1), 'UP'):0.8
((0, 0, 0, 0, 0, 1), 'UP'):-19.9886925182019
((1, 1, 1, 1, 0, 0), 'STAY'):-15.599999999999993
((0, 1, 1, 0, 0), 'STAY'):-19.316629089894654
((1, 1, 0, 0, 0, -1), 'STAY'):0.0
((0, 0, 1, 1, 1, 2), 'LEFT'):7.329867744847271
((1, 0, 0, 0, 0, 1), 'DOWN'):0.0
((0, 1, 1, 0, 1, 2), 'LEFT'):12.330952914439031
((0, 1, 1, 0, 1, 2), 'STAY'):16.612945806502957
((1, 0, 0, 0, 0, 2), 'UP'):-31.78941191139979
((0, 1, 1, 0, 0), 'UP'):-89.760341594425
((0, 0, 1, 1, 1, 0), 'STAY'):11.766609752596924
((0, 0, 0, 0, 1), 'LEFT'):0.0
((1, 0, 0, 1, 1), 'UP'):16.9282334669172
((1, 0, 1, 0, 0), 'UP'):-56.05411055805401
((0, 1, 0, 0, 0), 'LEFT'):0.0
((0, 1, 1, 0, 1, 1), 'DOWN'):0.0
((0, 0, 1, 0, 0, 0), 'RIGHT'):0.51168
((1, 1, 1, 1, 1, 2), 'DOWN'):17.48577476419346
((1, 1, 0, 1, 0), 'RIGHT'):17.703411529989097
((1, 1, 0, 0, 0, 0), 'DOWN'):0.8780897034128275
((0, 1, 0, 1, 0), 'RIGHT'):7.2801401598322135
((0, 0, 0, 1, 0, 1), 'UP'):-13.81999999999999
((0, 1, 0, 0, 0, -1), 'LEFT'):0.054805299914903065
((0, 1, 1, 0, 0, -1), 'STAY'):0.0
((1, 1, 1, 0, 1, 2), 'RIGHT'):-14.489700576028355
((0, 1, 0, 1, 0, 0), 'RIGHT'):2.9775674369175205
((0, 1, 1, 0, 0, 0), 'UP'):-59.910515017092436
((0, 1, 1, 0, 1), 'STAY'):1.3778202167830926
((0, 0, 1, 1, 1, 2), 'UP'):-39.1361555708113
((0, 0, 0, 1, 0, 0), 'UP'):-28.30999999999998
((1, 1, 1, 0, 0, 2), 'RIGHT'):-72.62314940799152
((0, 1, 1, 1, 1, -1), 'LEFT'):0.06949288767504241
((0, 1, 1, 1, 0, 1), 'UP'):-14.799999999999992
((1, 1, 1, 0, 1, 1), 'UP'):-14.799999999999992
((1, 0, 1, 1, 1, 2), 'STAY'):16.780618668665635
((0, 1, 0, 1, 1, 1), 'DOWN'):0.0
((1, 1, 0, 1, 0), 'LEFT'):-143.27534326929597
((0, 1, 1, 0, 0, 2), 'RIGHT'):-53.304499999999976
((0, 1, 0, 0, 1), 'DOWN'):0.0
((1, 0, 1, 1, 1), 'DOWN'):-114.76527150364292
((1, 1, 1, 0, 1, 1), 'LEFT'):1.9028137116616357
((1, 1, 0, 1, 1, 1), 'DOWN'):0.0
((0, 0, 0, 1, 1, -1), 'UP'):0.0
((0, 0, 1, 0, 0, 1), 'STAY'):1.0953243529673686
((1, 1, 1, 1, 0), 'UP'):-123.31460816450351
((0, 0, 0, 1, 1, 1), 'UP'):-28.319999999999986
((0, 0, 1, 0, 0, 0), 'UP'):-23.472999997417634
((0, 1, 1, 1, 1, 0), 'UP'):-11.268637200908007
((0, 0, 0, 0, 1, 0), 'DOWN'):0.0
((0, 0, 0, 0, 0, -1), 'LEFT'):0.0
((1, 0, 0, 1, 1), 'RIGHT'):12.450686887268946
((0, 0, 1, 0, 0, 0), 'STAY'):2.2954575154435264
((1, 0, 1, 1, 1, 1), 'DOWN'):0.9172228183985738
((0, 1, 0, 1, 0), 'LEFT'):-30.399999999999984
((1, 1, 0, 1, 1), 'UP'):36.2048849961474
((1, 1, 0, 0, 0), 'STAY'):9.285478059069934
((0, 0, 1, 0, 1, 1), 'UP'):0.0
((0, 1, 1, 0, 1, 1), 'UP'):-12.374816600162351
((0, 1, 0, 1, 1), 'DOWN'):8.348665052984433
((0, 1, 1, 0, 0, -1), 'RIGHT'):-43.35999999999998
((1, 1, 0, 1, 1, 1), 'RIGHT'):7.319023851329113
((1, 1, 0, 0, 0, 0), 'LEFT'):7.817258972224139
((0, 1, 1, 0, 0, -1), 'LEFT'):0.0
((0, 0, 0, 0, 0, 1), 'RIGHT'):-8.73623299164754
((1, 0, 1, 1, 1, 0), 'DOWN'):0.0
((0, 0, 0, 1, 0, 2), 'RIGHT'):8.375206481590347
((0, 1, 1, 0, 1, 0), 'UP'):8.717257903403256
((1, 1, 1, 1, 0, 2), 'LEFT'):-15.499999999999993
((1, 1, 1, 0, 0, 2), 'DOWN'):6.843755602692794
((0, 1, 1, 1, 1, 2), 'DOWN'):17.863248093443463
((1, 0, 1, 1, 1, 1), 'RIGHT'):0.8390519682442042
((0, 0, 0, 0, 0, 2), 'UP'):-54.92379320414407
((0, 1, 1, 0, 1, -1), 'DOWN'):0.0
((1, 1, 0, 1, 0, 2), 'RIGHT'):8.244261527117999
((0, 0, 0, 0, 0, 1), 'DOWN'):-2.0579664114252068
((1, 0, 0, 1, 1, 2), 'STAY'):1.6368400000000003
((1, 0, 1, 0, 0), 'STAY'):5.682898402122001
((0, 0, 0, 1, 1, 1), 'LEFT'):1.7950693908328506
((1, 1, 1, 0, 1, 0), 'DOWN'):0.0
((1, 1, 1, 1, 0, 1), 'DOWN'):1.1259136609119134
((0, 0, 1, 0, 0, 1), 'RIGHT'):0.0
((1, 1, 1, 1, 1), 'STAY'):22.722904373030637
((1, 1, 0, 0, 1), 'RIGHT'):0.0
((1, 1, 0, 1, 1, 0), 'RIGHT'):13.371598080334627
((1, 1, 1, 1, 1, 1), 'UP'):-29.567212014669472
((1, 0, 1, 0, 0), 'DOWN'):-0.46029127423777316
((1, 1, 0, 0, 1), 'LEFT'):1.5254520393544395
((1, 0, 0, 1, 1), 'STAY'):5.8800544801836825
((0, 1, 0, 1, 0, 1), 'RIGHT'):11.6140159585825
((0, 0, 0, 0, 0, 0), 'RIGHT'):-17.59026730399112
((0, 1, 1, 1, 1, -1), 'UP'):-72.71219572453658
((0, 0, 0, 0, 0), 'DOWN'):-19.487729586738716
((0, 1, 1, 1, 1, 2), 'STAY'):23.10753221269019
((1, 0, 0, 0, 0, 1), 'LEFT'):-14.599999999999993
((1, 1, 1, 0, 1, 1), 'STAY'):0.5522250969329309
((0, 0, 1, 1, 1), 'DOWN'):-35.97884123313665
((1, 1, 0, 0, 1), 'UP'):7.3170877244981245
((0, 0, 1, 0, 0, 2), 'UP'):-39.386999999999716
((1, 0, 0, 1, 1, 2), 'RIGHT'):0.0
((0, 1, 0, 1, 0, 2), 'DOWN'):5.9570523247512694
((1, 1, 1, 1, 1, 1), 'DOWN'):0.0
((0, 0, 1, 0, 0), 'LEFT'):18.57924603013899
((0, 0, 1, 1, 1, 1), 'UP'):-39.53669864899431
((1, 0, 0, 1, 0), 'RIGHT'):6.496457061268045
((1, 1, 1, 0, 1), 'LEFT'):20.185923923321063
((0, 1, 0, 0, 0, 1), 'STAY'):7.118347109019703
((0, 0, 1, 0, 0, 2), 'LEFT'):0.0
((1, 1, 0, 1, 0), 'DOWN'):5.23302712743219
((1, 1, 0, 1, 0, 2), 'DOWN'):0.5540718786164249
((0, 0, 0, 0, 0, 1), 'LEFT'):2.6234116882032215
((1, 0, 1, 1, 1, 1), 'STAY'):3.68359218445952
((0, 1, 1, 1, 0, 1), 'DOWN'):0.7204583750139503
((0, 1, 1, 1, 1, 2), 'RIGHT'):23.728021182077377
((1, 0, 1, 0, 1, 1), 'LEFT'):0.0
((0, 1, 1, 0, 0, 1), 'RIGHT'):-130.05649647331336
((0, 0, 0, 1, 1), 'LEFT'):1.8560270108973709
((1, 1, 0, 1, 1), 'STAY'):23.030137632967577
((1, 1, 0, 1, 1, 2), 'DOWN'):7.260551505087679
((1, 0, 0, 0, 1), 'UP'):0.0
((0, 1, 1, 1, 0, 0), 'RIGHT'):0.8619906724141129
((0, 0, 1, 0, 1, 2), 'RIGHT'):0.0
((1, 1, 0, 1, 1, 1), 'UP'):-7.6368647375992555
((1, 1, 1, 1, 0, 0), 'LEFT'):1.3981218846225587
((1, 1, 1, 1, 0), 'DOWN'):3.7584806633283887
((0, 0, 0, 1, 1, 0), 'STAY'):1.0355498001405956
((0, 0, 0, 1, 1), 'UP'):2.6458325718452422
((0, 0, 0, 1, 1, 1), 'DOWN'):0.0
((0, 1, 1, 0, 1, 1), 'LEFT'):3.294730094290314
((0, 1, 0, 1, 1, -1), 'STAY'):0.0
((0, 1, 0, 1, 1, 1), 'STAY'):15.774959594795304
((0, 1, 1, 0, 1, -1), 'LEFT'):0.0
((1, 0, 1, 1, 1, 2), 'DOWN'):-74.1540545763882
((1, 0, 1, 1, 1, 1), 'UP'):-15.387845484019596
((1, 0, 0, 1, 0), 'LEFT'):-26.911725878440652
((1, 1, 1, 0, 1, 0), 'LEFT'):1.86619434132834
((0, 1, 0, 0, 0, 0), 'RIGHT'):10.18593259268237
((0, 1, 1, 0, 0, 0), 'LEFT'):16.474422293353896
((0, 0, 0, 1, 1, 1), 'RIGHT'):4.032643794112079
((1, 1, 0, 1, 0, 1), 'RIGHT'):0.0
((0, 0, 1, 0, 1, 1), 'DOWN'):0.0
((1, 0, 0, 0, 1), 'RIGHT'):0.0
((0, 1, 0, 1, 1, 0), 'STAY'):12.262480167276713
((0, 0, 0, 1, 1), 'STAY'):5.044474127626262
((0, 0, 0, 0, 1, 1), 'UP'):0.0
((0, 1, 1, 1, 1), 'STAY'):15.931244977437037
((0, 1, 1, 0, 1, 1), 'RIGHT'):-8.439828023137341
((1, 1, 0, 0, 0, 2), 'LEFT'):1.3879766600297954
((1, 1, 0, 1, 0, 2), 'STAY'):12.3138472213484
((0, 0, 1, 0, 0, 2), 'STAY'):2.40198008
((0, 0, 1, 0, 1, 1), 'RIGHT'):0.0
((1, 1, 0, 1, 1, 1), 'LEFT'):-34.597897889132845
((1, 1, 1, 0, 0, 2), 'UP'):-5.300043415038024
((1, 1, 1, 1, 1, 0), 'DOWN'):0.0
((0, 0, 0, 0, 0, 2), 'DOWN'):-11.611503011523725
((0, 0, 0, 0, 0, -1), 'STAY'):0.0
((1, 1, 0, 1, 0, 2), 'LEFT'):-42.00492124990657
((0, 0, 1, 0, 0, 0), 'LEFT'):3.69907411267739
((0, 1, 1, 0, 0, 2), 'STAY'):22.578378144721384
((1, 1, 1, 0, 1, 0), 'UP'):-1.8045479823540695
((1, 1, 1, 1, 1, 2), 'UP'):25.96718764829097
((0, 0, 0, 1, 1, 0), 'RIGHT'):3.7406176899819092
((0, 0, 1, 0, 1, 0), 'DOWN'):0.0
((1, 0, 0, 0, 0, 1), 'STAY'):-14.599999704127857
((0, 0, 0, 1, 0, 2), 'DOWN'):-16.89999999999999
((0, 1, 0, 1, 0), 'UP'):-28.72556276406452
((1, 0, 0, 1, 0), 'UP'):-13.422920992026231
((0, 0, 1, 1, 1), 'LEFT'):17.895575418210278
((0, 1, 0, 1, 0, 2), 'RIGHT'):4.638928618382704
((1, 1, 1, 1, 1, 1), 'LEFT'):18.193599727912023
((0, 1, 0, 0, 0), 'DOWN'):1.5027533289720414
((0, 0, 0, 0, 0), 'UP'):-38.1301691379495
((0, 0, 1, 0, 1, 0), 'RIGHT'):-13.863576878154323
((1, 1, 0, 0, 1), 'DOWN'):1.8270710370399066
((1, 1, 0, 0, 0, 2), 'UP'):-126.59470052834706
((0, 0, 0, 1, 0), 'DOWN'):-1.7455703291651392
((0, 0, 0, 1, 1, -1), 'LEFT'):0.0
((1, 1, 0, 1, 1, 2), 'RIGHT'):12.7132407643425
((0, 0, 1, 1, 1, 2), 'RIGHT'):2.5163415873274477
((0, 1, 1, 1, 1), 'LEFT'):21.43995949791189
((0, 0, 1, 1, 1, 1), 'DOWN'):0.0
((0, 0, 0, 0, 0, 2), 'RIGHT'):-34.799945896657036
((1, 1, 0, 1, 0, 1), 'DOWN'):0.0
((1, 0, 1, 1, 1, 2), 'LEFT'):6.134298368925853
((0, 1, 1, 1, 0, 0), 'UP'):-14.799999999999992
((1, 1, 0, 1, 0, 2), 'UP'):-78.13278941638782
((1, 0, 0, 0, 0, 0), 'UP'):-5.034985738610706
((1, 0, 1, 0, 0, 0), 'UP'):0.0
((1, 1, 0, 0, 0), 'LEFT'):-30.61072449520226
((1, 0, 1, 1, 1, 2), 'RIGHT'):9.731692283037116
((1, 1, 1, 0, 1, 1), 'DOWN'):0.0
((1, 1, 0, 1, 1), 'LEFT'):15.241672492711574
((1, 1, 1, 1, 0), 'LEFT'):6.238047964242495
((1, 0, 1, 0, 1, 2), 'LEFT'):4.049781892291384
((1, 1, 0, 1, 1, 2), 'UP'):-46.71212928744599
((0, 0, 0, 1, 0, 1), 'RIGHT'):9.001297315586479
((1, 0, 0, 0, 1), 'DOWN'):0.0
((0, 0, 0, 0, 1, 0), 'UP'):0.0
((1, 0, 0, 0, 0, 2), 'RIGHT'):3.0331753067299863
((0, 0, 0, 1, 1), 'DOWN'):0.06622471945859387
((1, 1, 0, 1, 1, 1), 'STAY'):10.087597205236314
((0, 1, 0, 1, 1, 2), 'STAY'):22.688209482549457
((0, 0, 0, 0, 1), 'RIGHT'):0.0
((0, 1, 0, 1, 0, 0), 'DOWN'):0.0
((0, 1, 0, 1, 0, 2), 'UP'):-67.8034707293836
((0, 0, 0, 1, 1), 'RIGHT'):15.76011783733102
((1, 0, 1, 1, 1, 2), 'UP'):9.227433265439373
((0, 0, 1, 0, 0), 'STAY'):1.1491994452245293
((1, 0, 0, 0, 0, 1), 'RIGHT'):1.0009769350562578
((1, 1, 1, 1, 1, 0), 'RIGHT'):19.450668891864765
((1, 0, 1, 1, 1), 'LEFT'):20.300169425195584
((1, 1, 1, 1, 0), 'RIGHT'):16.970798933850045
((1, 1, 1, 0, 1), 'UP'):32.15536126337755
((0, 0, 0, 1, 0, -1), 'DOWN'):0.0
((1, 0, 0, 0, 1), 'STAY'):0.0
((0, 0, 0, 0, 1, 1), 'DOWN'):0.0
((1, 1, 1, 0, 0, 0), 'STAY'):-4.8363279380168045
((1, 0, 0, 1, 0, 1), 'STAY'):0.6853209464804796
((0, 1, 1, 1, 1, 0), 'LEFT'):17.85265938629008
((1, 1, 0, 0, 0, 2), 'RIGHT'):2.517827003767617
((0, 0, 0, 0, 0, 2), 'LEFT'):-18.994406730555937
((0, 0, 1, 0, 1, 0), 'STAY'):3.461734074834347
((0, 0, 1, 1, 0, 2), 'STAY'):-15.499999999999993
((1, 0, 1, 1, 1, 0), 'LEFT'):0.0
((1, 1, 0, 1, 0, 0), 'RIGHT'):2.9024739963290638
((1, 0, 0, 0, 0), 'STAY'):2.9156893743012717
((0, 1, 1, 0, 0, 0), 'RIGHT'):-34.18300318259622
((1, 1, 0, 0, 0, -1), 'LEFT'):0.013306523241076427
((0, 0, 0, 0, 1, 0), 'RIGHT'):0.0
((0, 0, 1, 0, 1, 0), 'LEFT'):0.0
((1, 1, 1, 1, 1, 0), 'STAY'):19.820386112884957
((1, 1, 0, 0, 0, 0), 'UP'):-84.29071925972248
((1, 0, 0, 0, 0, 2), 'STAY'):-3.0177529848301266
((1, 1, 0, 0, 1), 'STAY'):0.0
((0, 0, 0, 1, 0, 0), 'DOWN'):0.0
((0, 0, 0, 1, 0, 2), 'UP'):-25.14994401082123
((1, 0, 0, 1, 0), 'DOWN'):-0.7114625177838226
((1, 1, 1, 1, 1), 'LEFT'):22.62822778542597
((0, 1, 1, 1, 1, 2), 'LEFT'):24.062346522030396
((0, 0, 1, 1, 1, 0), 'RIGHT'):5.1018966517029725
((1, 0, 1, 0, 1), 'STAY'):0.4
((0, 0, 0, 1, 0, 0), 'LEFT'):0.0
((0, 1, 0, 0, 0), 'UP'):-26.979999999999986
((0, 1, 0, 1, 0, 0), 'LEFT'):-31.00048936613464
((0, 0, 0, 1, 1, 2), 'LEFT'):2.017556221163634
((0, 1, 1, 0, 0, 1), 'LEFT'):10.956982224280926
((1, 1, 1, 1, 1), 'UP'):18.677400906100814
((1, 1, 0, 0, 0, 2), 'DOWN'):12.094353911416185
((0, 0, 0, 1, 0), 'UP'):11.659679807010436
((0, 1, 1, 0, 1, 0), 'RIGHT'):-17.48939161919932
((1, 0, 0, 0, 0, 2), 'LEFT'):4.28447859126537
((0, 0, 1, 1, 1, -1), 'STAY'):0.0
((0, 1, 0, 1, 1, 0), 'RIGHT'):6.298022863860693
((0, 0, 0, 0, 1, 1), 'RIGHT'):0.0
((1, 1, 1, 0, 1, 2), 'STAY'):23.314312446737468
((1, 1, 0, 1, 0, 1), 'UP'):0.0
((0, 0, 0, 1, 0), 'LEFT'):2.838093421514591
((1, 1, 1, 0, 0), 'DOWN'):6.271406262613504
((1, 1, 1, 0, 0, 1), 'RIGHT'):2.6970983706690124
((1, 0, 1, 0, 0, 0), 'DOWN'):0.0
((1, 1, 0, 0, 0, 1), 'LEFT'):7.31774279762837
((0, 0, 1, 1, 1, 1), 'RIGHT'):8.370724333734923
((0, 0, 1, 1, 1, 0), 'DOWN'):0.0
((0, 0, 1, 0, 1), 'LEFT'):18.264454876484145
((1, 0, 1, 0, 1, 2), 'STAY'):0.6040000000000001
((0, 0, 0, 1, 0, 2), 'LEFT'):0.0
((0, 1, 0, 0, 0, 2), 'RIGHT'):1.546560078431924
((1, 1, 0, 1, 1, 0), 'LEFT'):0.6302272340857634
((0, 1, 0, 0, 0, 2), 'LEFT'):-13.354366112565039
((0, 0, 1, 0, 1), 'UP'):5.2811774112526315
((1, 0, 1, 0, 1, 1), 'STAY'):0.0
((0, 1, 0, 1, 0, 0), 'UP'):-47.39107204042759
((1, 0, 0, 1, 1), 'LEFT'):-22.853000929082036
((0, 0, 1, 1, 1), 'RIGHT'):5.569637363217934
((0, 1, 0, 1, 0, 2), 'STAY'):6.406384753782651
((1, 1, 0, 0, 0, 1), 'RIGHT'):2.4442967715285215
((1, 1, 1, 1, 0, 1), 'STAY'):-29.639999999999986
((0, 0, 1, 0, 1), 'STAY'):4.9061495126497
((1, 1, 1, 0, 1), 'DOWN'):14.230820052125289
((1, 1, 0, 0, 0), 'RIGHT'):-22.45605610595987
((0, 0, 0, 1, 0, -1), 'UP'):0.0
((1, 0, 1, 1, 1), 'RIGHT'):21.639161350560354
((0, 1, 0, 0, 0, 0), 'DOWN'):0.3296803998642224
((1, 1, 1, 0, 0), 'STAY'):-11.604583677518807
((0, 0, 0, 1, 0, 1), 'LEFT'):0.0
((1, 1, 1, 0, 1), 'STAY'):20.250599884710866
((0, 1, 0, 1, 1, 0), 'LEFT'):-59.37371311171165
((0, 1, 1, 0, 1), 'LEFT'):14.434740295995134
((0, 1, 1, 1, 1, 1), 'LEFT'):17.242910514691978
((0, 0, 0, 1, 0, -1), 'LEFT'):0.0
((1, 1, 1, 0, 1), 'RIGHT'):-19.563803478492726
((1, 1, 0, 0, 0, 2), 'STAY'):-31.585302743420737
((0, 0, 0, 0, 0), 'LEFT'):-25.276629261410452
((0, 1, 1, 1, 1, -1), 'STAY'):0.06866101814495267
((0, 0, 0, 0, 0, 0), 'UP'):-31.304842764528736
((1, 1, 1, 1, 1, 2), 'LEFT'):24.53419922036398
((1, 0, 0, 0, 0), 'RIGHT'):13.383749769141296
((1, 1, 1, 0, 0), 'LEFT'):2.092713079150627
((0, 1, 1, 0, 0, -1), 'UP'):-15.199999999999992
((0, 1, 1, 1, 1, 1), 'RIGHT'):17.006718689327617
((1, 1, 0, 0, 0, 0), 'RIGHT'):7.167477331351275
((0, 0, 0, 0, 0, -1), 'RIGHT'):0.0
((1, 1, 1, 0, 0, 0), 'LEFT'):0.0
((0, 1, 0, 0, 0, -1), 'UP'):-86.56898407995283
((1, 1, 1, 1, 1, 0), 'UP'):-24.518543547082942
((0, 0, 1, 1, 1), 'STAY'):6.320142521742775
((0, 1, 1, 0, 1, 2), 'RIGHT'):-17.990856237504275
((0, 0, 0, 1, 1, 2), 'DOWN'):0.1766123323194531
((0, 1, 0, 1, 1, 2), 'RIGHT'):14.225133627473577
((0, 1, 1, 0, 0, 1), 'DOWN'):0.0
((0, 0, 0, 0, 0, -1), 'UP'):0.0
((1, 0, 1, 0, 0, 0), 'RIGHT'):-15.127357712041274
((0, 1, 1, 0, 1, -1), 'RIGHT'):0.0
((1, 1, 0, 1, 0, 0), 'LEFT'):3.3799116884805347
((1, 0, 0, 1, 1, 2), 'DOWN'):0.0
((1, 1, 1, 1, 1), 'DOWN'):14.052206622684492
((0, 0, 1, 0, 0), 'DOWN'):-0.9747738204934587
((0, 0, 1, 1, 1, -1), 'LEFT'):0.0
((0, 1, 0, 0, 1), 'LEFT'):0.0
((0, 0, 0, 0, 1, 1), 'STAY'):0.0
((1, 0, 0, 1, 1, 0), 'RIGHT'):2.0091541035244176
((0, 0, 0, 1, 0, -1), 'STAY'):0.0
((0, 1, 0, 1, 1), 'RIGHT'):4.868200879269438
((1, 1, 1, 0, 0), 'UP'):-33.65472439520443
((0, 1, 1, 1, 1, -1), 'DOWN'):0.0
((0, 1, 0, 1, 1, -1), 'RIGHT'):0.005906797990211767
((0, 0, 0, 0, 0), 'RIGHT'):-24.74725866226954
((1, 0, 1, 0, 1), 'LEFT'):1.2163722325237034
((1, 0, 0, 1, 1, 0), 'UP'):1.2736670943800477
((1, 1, 0, 1, 1, 0), 'DOWN'):0.0
((0, 1, 0, 1, 0, 0), 'STAY'):9.513217374065096
((1, 1, 1, 1, 1, 1), 'RIGHT'):10.125922059305596
((0, 1, 1, 1, 0, 2), 'UP'):1.3
((0, 0, 0, 1, 1, 0), 'UP'):1.4132701253132582
((1, 0, 0, 0, 0, 0), 'LEFT'):-14.599999999999993
((0, 0, 1, 0, 1), 'DOWN'):-4.704955393339499
((0, 1, 1, 1, 0), 'LEFT'):2.465033432762762
((0, 0, 0, 1, 1, 0), 'LEFT'):0.3736670943800476
((0, 0, 1, 0, 1, 1), 'LEFT'):0.0
((0, 1, 0, 1, 0, -1), 'STAY'):0.0
((1, 1, 1, 1, 0, 2), 'STAY'):-42.00499999999998
((0, 1, 1, 1, 0, 1), 'RIGHT'):2.980936975062416
((0, 1, 0, 1, 0, 1), 'LEFT'):-44.06526031238772
((0, 1, 1, 0, 0, 2), 'LEFT'):17.7439564425896
((1, 1, 1, 1, 1, 2), 'STAY'):25.33483213536969
((1, 1, 0, 1, 0, 1), 'STAY'):8.888006398140556
((1, 0, 1, 1, 1), 'STAY'):0.3521569562648099
((1, 1, 1, 0, 1, 2), 'UP'):3.2348933568922744
((1, 1, 0, 1, 0, 1), 'LEFT'):9.030016005835519
((1, 1, 1, 0, 0, 0), 'UP'):-45.54446696812451
((1, 0, 1, 1, 1, 1), 'LEFT'):7.476830108768109
((0, 0, 0, 0, 0, 0), 'DOWN'):-18.741786697407584
((1, 0, 0, 1, 0, 0), 'UP'):-14.799999999999992
((1, 0, 1, 0, 1, 2), 'UP'):1.3
((1, 0, 1, 0, 0), 'RIGHT'):-63.81159999999997
((0, 1, 1, 1, 0, -1), 'STAY'):-30.399999999999984
((0, 0, 0, 1, 1, 2), 'RIGHT'):15.18933681151916
((1, 0, 1, 1, 0), 'STAY'):-55.02399999999961
((0, 0, 1, 0, 1, 2), 'UP'):-14.699999999999992
((0, 1, 0, 0, 0, -1), 'DOWN'):-0.9
((0, 1, 0, 1, 1), 'UP'):-3.1075830330826384
((0, 1, 1, 0, 0, 2), 'DOWN'):3.744888179666936
((0, 1, 1, 1, 0, -1), 'RIGHT'):0.0
((0, 1, 0, 1, 1, 2), 'LEFT'):-53.304499999999976
((0, 0, 1, 1, 1, 0), 'LEFT'):6.938454654827325
((0, 1, 1, 0, 0, 1), 'UP'):-29.37283474121804
((1, 1, 1, 1, 1), 'RIGHT'):22.85539313973646
((1, 0, 1, 0, 1), 'DOWN'):1.8860853649587643
((0, 0, 0, 0, 0, -1), 'DOWN'):-1.71
((0, 0, 0, 0, 0, 0), 'STAY'):-8.458482492916385
((0, 1, 1, 0, 1, 2), 'DOWN'):-2.1070372188383795
((0, 0, 1, 0, 0), 'UP'):-6.038501711908323
((0, 1, 0, 0, 1), 'RIGHT'):0.0
((1, 0, 1, 1, 0), 'LEFT'):1.0191915949821753
((1, 1, 1, 0, 1, 1), 'RIGHT'):0.5522250969329309
((1, 0, 1, 0, 1, 2), 'DOWN'):-16.39999999999999
((0, 0, 1, 0, 1, 1), 'STAY'):0.8531080480000001
((1, 0, 1, 1, 1, 0), 'RIGHT'):0.7772501661528978
((0, 0, 1, 0, 0), 'RIGHT'):0.3463946455560891
((1, 0, 1, 0, 0, 0), 'LEFT'):0.0
((0, 1, 1, 1, 0), 'RIGHT'):1.3967404894251936
((0, 1, 1, 1, 0, 2), 'STAY'):-29.449999999999985
((1, 1, 1, 0, 0, 2), 'LEFT'):18.081139658311344
((0, 0, 1, 1, 1, 0), 'UP'):-35.47371211013528
((0, 1, 0, 1, 0, -1), 'DOWN'):0.0
((1, 1, 1, 0, 0, 0), 'RIGHT'):-22.643648098806985
((1, 1, 0, 1, 1, 0), 'UP'):1.8690956167849408
((0, 1, 0, 1, 1, -1), 'DOWN'):0.0
((0, 1, 1, 1, 1), 'UP'):-26.3682882336918
((0, 1, 1, 0, 0, -1), 'DOWN'):0.0
((0, 1, 0, 0, 0, 2), 'STAY'):2.2331999647013165
((0, 1, 0, 1, 1, 0), 'UP'):-9.992752276378052
((0, 0, 0, 1, 1, 0), 'DOWN'):0.0
((0, 0, 1, 0, 0, 1), 'UP'):3.5911727231991466
((0, 1, 0, 0, 0, 0), 'STAY'):-1.1296295522118656
((0, 1, 0, 1, 1, 1), 'RIGHT'):17.48461982546941
((1, 1, 0, 1, 1, 0), 'STAY'):4.2285523634611035
((0, 1, 0, 0, 0), 'RIGHT'):0.0
((0, 0, 0, 1, 0, 1), 'STAY'):2.1651591517327304
((0, 1, 1, 1, 0, 1), 'STAY'):-79.78861533946808
((1, 0, 0, 0, 0, 1), 'UP'):0.0
((1, 0, 0, 0, 0, -1), 'UP'):-15.199999999999992
((1, 1, 0, 1, 0), 'STAY'):17.57355981669318
((0, 0, 0, 1, 1, 1), 'STAY'):2.1387585096958865
((1, 1, 0, 0, 0, 0), 'STAY'):15.465945730417369
((1, 0, 0, 0, 0, 0), 'STAY'):-9.065049296567949
((0, 1, 1, 0, 1), 'UP'):-19.309858451311843
((0, 1, 0, 0, 0, -1), 'STAY'):0.026382549493162044
((1, 1, 0, 1, 0), 'UP'):28.571373597506582
((0, 0, 1, 1, 1, -1), 'UP'):-26.734399999999983
((0, 1, 0, 0, 0, 0), 'LEFT'):16.630966444976313
((0, 1, 0, 0, 0, 1), 'LEFT'):1.3284526344806267
((1, 1, 0, 1, 1), 'RIGHT'):23.619239367493275
((0, 1, 1, 1, 0, 0), 'LEFT'):-15.599999999999993
((0, 0, 1, 0, 1, 0), 'UP'):-10.841553152715171
((1, 0, 1, 1, 1, 0), 'UP'):4.715627076911221
((1, 0, 1, 1, 1, 0), 'STAY'):4.863190384884272
((1, 0, 1, 0, 1, 2), 'RIGHT'):0.0
((0, 1, 1, 0, 0, 1), 'STAY'):9.13935826094853
((0, 0, 0, 0, 0), 'STAY'):-39.23808772725549
((0, 1, 1, 1, 1, 0), 'DOWN'):0.0
((1, 0, 1, 1, 0), 'RIGHT'):1.1613754279864803
((0, 1, 0, 0, 0, 1), 'UP'):-146.6809826041766
((1, 1, 1, 1, 1, -1), 'UP'):-35.29157767999998
((0, 0, 1, 1, 1, 1), 'STAY'):10.294272695088686
((1, 0, 0, 0, 0, 0), 'RIGHT'):1.92027801258264
((1, 1, 1, 0, 0, 1), 'STAY'):-10.571938474595715
((0, 1, 0, 1, 0), 'STAY'):0.1885374822161774
((0, 0, 0, 1, 1, -1), 'RIGHT'):0.0
-10:-199.9999999999999
((0, 0, 1, 0, 1, 2), 'DOWN'):0.3830487273718188
((0, 0, 0, 0, 1, 0), 'LEFT'):0.0
((0, 1, 0, 1, 0), 'DOWN'):1.608946768571208
((0, 0, 0, 0, 1), 'STAY'):0.0
((1, 0, 0, 0, 0, 0), 'DOWN'):-0.3271811365287205
((0, 1, 1, 0, 0, 2), 'UP'):-24.0154845288516
((0, 0, 0, 1, 1, 2), 'UP'):-0.39440707536779884
((0, 0, 1, 0, 0, 2), 'DOWN'):-0.46596756262540295
((0, 1, 1, 0, 1, 1), 'STAY'):12.406308487841317
((0, 1, 0, 0, 0), 'STAY'):1.5149884396780526
((1, 0, 1, 0, 1, 1), 'UP'):1.2000000000000002
((1, 0, 1, 0, 1), 'UP'):19.574742219970318
((0, 1, 1, 0, 1, -1), 'STAY'):0.0
((0, 1, 0, 1, 0, 2), 'LEFT'):-15.499999999999993
((1, 1, 1, 0, 0, 1), 'LEFT'):4.694007417988025
((1, 0, 1, 1, 0), 'UP'):-39.77551683449391
((1, 1, 1, 0, 1, 2), 'DOWN'):8.994929992648432
((0, 0, 0, 1, 0, 2), 'STAY'):0.0
((0, 0, 0, 0, 1), 'UP'):0.0
((0, 1, 1, 0, 1, 2), 'UP'):-57.69509026157693
((1, 0, 0, 0, 0), 'UP'):27.769631214522047
((1, 1, 1, 0, 0), 'RIGHT'):-121.2392603174979
((0, 0, 0, 0, 1, 1), 'LEFT'):0.0
((1, 1, 0, 1, 1), 'DOWN'):15.28296258799323
((0, 1, 1, 1, 0, 2), 'DOWN'):1.51513586673163
((0, 0, 1, 1, 1, -1), 'RIGHT'):0.0
((0, 1, 1, 1, 1, 0), 'RIGHT'):17.68166424574398
((0, 1, 0, 1, 1), 'STAY'):1.4968827840088537
((0, 0, 0, 0, 0, 2), 'STAY'):-16.805798308177565
((0, 1, 1, 0, 1), 'RIGHT'):-0.13956669081333395
((1, 1, 1, 1, 0, 2), 'RIGHT'):3.628029709219533
((0, 1, 1, 1, 1, 1), 'STAY'):17.926310833220253
((1, 1, 1, 1, 1, 1), 'STAY'):19.83274882477913
((1, 0, 0, 1, 0, 2), 'RIGHT'):3.6066540096027264
((0, 0, 0, 0, 1, 0), 'STAY'):0.2
((0, 1, 0, 1, 0, -1), 'UP'):-14.479999999999993
((0, 1, 1, 0, 0), 'RIGHT'):-83.47249599999996
((0, 1, 1, 1, 0), 'UP'):-51.218373210976395
